1000
8020
0
0
0.587712
0
0.95082
0
0.950702
0
0.587493
0
6.53183e-07
0
-0.587346
-0
-0.950228
-0
-0.950111
-0
-0.587128
-0
0
0
0.586981
0
0.949637
0
0.949518
0
0.586762
0
6.5237e-07
0
-0.586614
-0
-0.949044
-0
-0.948926
-0
-0.586396
-0
0
0
0.586248
0
0.948451
0
0.948332
0
0.586028
0
6.51554e-07
0
-0.585881
-0
-0.947857
-0
-0.947738
-0
-0.585662
-0
0
0
0.585514
0
0.947262
0
0.947144
0
0.585294
0
6.50737e-07
0
-0.585146
-0
-0.946667
-0
-0.946549
-0
-0.584926
-0
0
0
0.584778
0
0.946072
0
0.945953
0
0.584558
0
6.49918e-07
0
-0.584409
-0
-0.945475
-0
-0.945357
-0
-0.584189
-0
0
0
0.584041
0
0.944879
0
0.944759
0
0.58382
0
6.49098e-07
0
-0.583671
-0
-0.944281
-0
-0.944162
-0
-0.583451
-0
0
0
0.583302
0
0.943683
0
0.943564
0
0.583081
0
6.48276e-07
0
-0.582932
-0
-0.943084
-0
-0.942965
-0
-0.582711
-0
0
0
0.582562
0
0.942485
0
0.942366
0
0.58234
0
6.47452e-07
0
-0.582191
-0
-0.941885
-0
-0.941766
-0
-0.58197
-0
0
0
0.58182
0
0.941285
0
0.941165
0
0.581598
0
6.46627e-07
0
-0.581448
-0
-0.940684
-0
-0.940564
-0
-0.581227
-0
0
0
0.581077
0
0.940082
0
0.939962
0
0.580854
0
6.458e-07
0
-0.580704
-0
-0.93948
-0
-0.93936
-0
-0.580482
-0
0
0
0.580332
0
0.938877
0
0.938756
0
0.580109
0
6.44971e-07
0
-0.579959
-0
-0.938273
-0
-0.938153
-0
-0.579737
-0
0
0
0.579586
0
0.937669
0
0.937549
0
0.579362
0
6.4414e-07
0
-0.579212
-0
-0.937064
-0
-0.936944
-0
-0.578989
-0
0
0
0.578838
0
0.936459
0
0.936338
0
0.578614
0
6.43308e-07
0
-0.578463
-0
-0.935853
-0
-0.935732
-0
-0.57824
-0
0
0
0.578089
0
0.935246
0
0.935125
0
0.577864
0
6.42474e-07
0
-0.577713
-0
-0.934639
-0
-0.934518
-0
-0.57749
-0
0
0
0.577338
0
0.934031
0
0.93391
0
0.577113
0
6.41639e-07
0
-0.576962
-0
-0.933423
-0
-0.933301
-0
-0.576737
-0
0
0
0.576586
0
0.932814
0
0.932692
0
0.57636
0
6.40801e-07
0
-0.576208
-0
-0.932204
-0
-0.932082
-0
-0.575984
-0
0
0
0.575832
0
0.931593
0
0.931471
0
0.575606
0
6.39962e-07
0
-0.575454
-0
-0.930982
-0
-0.930861
-0
-0.575229
-0
0
0
0.575076
0
0.930371
0
0.930249
0
0.57485
0
6.39122e-07
0
-0.574697
-0
-0.929758
-0
-0.929636
-0
-0.574472
-0
0
0
0.574319
0
0.929146
0
0.929023
0
0.574092
0
6.38279e-07
0
-0.57394
-0
-0.928532
-0
-0.92841
-0
-0.573714
-0
0
0
0.573561
0
0.927918
0
0.927795
0
0.573333
0
6.37435e-07
0
-0.57318
-0
-0.927303
-0
-0.92718
-0
-0.572954
-0
0
0
0.5728
0
0.926687
0
0.926564
0
0.572573
0
6.36589e-07
0
-0.572419
-0
-0.926071
-0
-0.925948
-0
-0.572192
-0
0
0
0.572039
0
0.925455
0
0.925331
0
0.57181
0
6.35741e-07
0
-0.571657
-0
-0.924837
-0
-0.924714
-0
-0.571429
-0
0
0
0.571275
0
0.924219
0
0.924096
0
0.571046
0
6.34891e-07
0
-0.570892
-0
-0.9236
-0
-0.923477
-0
-0.570664
-0
0
0
0.57051
0
0.922981
0
0.922857
0
0.570281
0
6.3404e-07
0
-0.570127
-0
-0.922361
-0
-0.922237
-0
-0.569898
-0
0
0
0.569744
0
0.92174
0
0.921616
0
0.569514
0
6.33187e-07
0
-0.569359
-0
-0.921119
-0
-0.920995
-0
-0.56913
-0
0
0
0.568975
0
0.920497
0
0.920373
0
0.568745
0
6.32332e-07
0
-0.56859
-0
-0.919874
-0
-0.91975
-0
-0.568361
-0
0
0
0.568206
0
0.919251
0
0.919127
0
0.567975
0
6.31475e-07
0
-0.567819
-0
-0.918627
-0
-0.918503
-0
-0.567589
-0
0
0
0.567434
0
0.918003
0
0.917878
0
0.567203
0
6.30617e-07
0
-0.567047
-0
-0.917377
-0
-0.917253
-0
-0.566817
-0
0
0
0.566661
0
0.916752
0
0.916626
0
0.566429
0
6.29756e-07
0
-0.566273
-0
-0.916125
-0
-0.916
-0
-0.566042
-0
0
0
0.565886
0
0.915498
0
0.915372
0
0.565654
0
6.28894e-07
0
-0.565498
-0
-0.91487
-0
-0.914745
-0
-0.565266
-0
0
0
0.56511
0
0.914241
0
0.914116
0
0.564877
0
6.2803e-07
0
-0.564721
-0
-0.913612
-0
-0.913486
-0
-0.564489
-0
0
0
0.564332
0
0.912982
0
0.912856
0
0.564099
0
6.27164e-07
0
-0.563942
-0
-0.912351
-0
-0.912226
-0
-0.563709
-0
0
0
0.563552
0
0.91172
0
0.911594
0
0.563318
0
6.26296e-07
0
-0.563161
-0
-0.911088
-0
-0.910962
-0
-0.562928
-0
0
0
0.562771
0
0.910456
0
0.910329
0
0.562536
0
6.25427e-07
0
-0.562379
-0
-0.909822
-0
-0.909696
-0
-0.562145
-0
0
0
0.561988
0
0.909188
0
0.909062
0
0.561753
0
6.24555e-07
0
-0.561595
-0
-0.908554
-0
-0.908427
-0
-0.561361
-0
0
0
0.561203
0
0.907918
0
0.907791
0
0.560968
0
6.23682e-07
0
-0.560809
-0
-0.907282
-0
-0.907155
-0
-0.560575
-0
0
0
0.560417
0
0.906646
0
0.906518
0
0.560181
0
6.22807e-07
0
-0.560022
-0
-0.906008
-0
-0.905881
-0
-0.559787
-0
0
0
0.559628
0
0.90537
0
0.905243
0
0.559392
0
6.2193e-07
0
-0.559233
-0
-0.904731
-0
-0.904604
-0
-0.558998
-0
0
0
0.558839
0
0.904092
0
0.903964
0
0.558602
0
6.21051e-07
0
-0.558443
-0
-0.903452
-0
-0.903324
-0
-0.558207
-0
0
0
0.558047
0
0.902811
0
0.902683
0
0.55781
0
6.2017e-07
0
-0.55765
-0
-0.902169
-0
-0.902041
-0
-0.557414
-0
0
0
0.557254
0
0.901527
0
0.901399
0
0.557016
0
6.19287e-07
0
-0.556856
-0
-0.900884
-0
-0.900756
-0
-0.556619
-0
0
0
0.556459
0
0.900241
0
0.900112
0
0.556221
0
6.18402e-07
0
-0.55606
-0
-0.899596
-0
-0.899468
-0
-0.555823
-0
0
0
0.555662
0
0.898951
0
0.898822
0
0.555423
0
6.17516e-07
0
-0.555263
-0
-0.898305
-0
-0.898177
-0
-0.555025
-0
0
0
0.554864
0
0.897659
0
0.89753
0
0.554624
0
6.16627e-07
0
-0.554463
-0
-0.897012
-0
-0.896883
-0
-0.554225
-0
0
0
0.554063
0
0.896364
0
0.896235
0
0.553824
0
6.15736e-07
0
-0.553662
-0
-0.895715
-0
-0.895586
-0
-0.553423
-0
0
0
0.553262
0
0.895066
0
0.894936
0
0.553021
0
6.14844e-07
0
-0.552859
-0
-0.894416
-0
-0.894286
-0
-0.55262
-0
0
0
0.552458
0
0.893765
0
0.893635
0
0.552217
0
6.13949e-07
0
-0.552055
-0
-0.893114
-0
-0.892984
-0
-0.551815
-0
0
0
0.551652
0
0.892462
0
0.892331
0
0.551411
0
6.13053e-07
0
-0.551248
-0
-0.891809
-0
-0.891679
-0
-0.551008
-0
0
0
0.550845
0
0.891155
0
0.891025
0
0.550603
0
6.12154e-07
0
-0.55044
-0
-0.890501
-0
-0.89037
-0
-0.550199
-0
0
0
0.550036
0
0.889846
0
0.889715
0
0.549793
0
6.11254e-07
0
-0.54963
-0
-0.88919
-0
-0.889059
-0
-0.549388
-0
0
0
0.549225
0
0.888534
0
0.888402
0
0.548982
0
6.10352e-07
0
-0.548819
-0
-0.887876
-0
-0.887745
-0
-0.548576
-0
0
0
0.548412
0
0.887218
0
0.887087
0
0.548169
0
6.09447e-07
0
-0.548005
-0
-0.88656
-0
-0.886428
-0
-0.547762
-0
0
0
0.547598
0
0.8859
0
0.885768
0
0.547354
0
6.08541e-07
0
-0.54719
-0
-0.88524
-0
-0.885108
-0
-0.546946
-0
0
0
0.546782
0
0.884579
0
0.884447
0
0.546537
0
6.07632e-07
0
-0.546372
-0
-0.883917
-0
-0.883785
-0
-0.546128
-0
0
0
0.545964
0
0.883255
0
0.883123
0
0.545718
0
6.06722e-07
0
-0.545553
-0
-0.882592
-0
-0.88246
-0
-0.545309
-0
0
0
0.545144
0
0.881928
0
0.881795
0
0.544898
0
6.05809e-07
0
-0.544732
-0
-0.881263
-0
-0.881131
-0
-0.544487
-0
0
0
0.544322
0
0.880598
0
0.880465
0
0.544075
0
6.04894e-07
0
-0.54391
-0
-0.879932
-0
-0.879799
-0
-0.543664
-0
0
0
0.543498
0
0.879265
0
0.879132
0
0.543251
0
6.03978e-07
0
-0.543085
-0
-0.878597
-0
-0.878464
-0
-0.542839
-0
0
0
0.542673
0
0.877929
0
0.877795
0
0.542425
0
6.03059e-07
0
-0.542259
-0
-0.87726
-0
-0.877126
-0
-0.542012
-0
0
0
0.541845
0
0.87659
0
0.876456
0
0.541597
0
6.02138e-07
0
-0.54143
-0
-0.875919
-0
-0.875785
-0
-0.541183
-0
0
0
0.541016
0
0.875248
0
0.875114
0
0.540767
0
6.01215e-07
0
-0.5406
-0
-0.874576
-0
-0.874442
-0
-0.540352
-0
0
0
0.540185
0
0.873903
0
0.873768
0
0.539936
0
6.0029e-07
0
-0.539768
-0
-0.873229
-0
-0.873095
-0
-0.539519
-0
0
0
0.539352
0
0.872555
0
0.87242
0
0.539102
0
5.99363e-07
0
-0.538934
-0
-0.871879
-0
-0.871744
-0
-0.538685
-0
0
0
0.538517
0
0.871203
0
0.871068
0
0.538266
0
5.98434e-07
0
-0.538098
-0
-0.870526
-0
-0.870391
-0
-0.537848
-0
0
0
0.53768
0
0.869849
0
0.869713
0
0.537429
0
5.97502e-07
0
-0.53726
-0
-0.86917
-0
-0.869035
-0
-0.53701
-0
0
0
0.536841
0
0.868491
0
0.868356
0
0.53659
0
5.96569e-07
0
-0.53642
-0
-0.867811
-0
-0.867676
-0
-0.53617
-0
0
0
0.536
0
0.867131
0
0.866995
0
0.535748
0
5.95633e-07
0
-0.535579
-0
-0.866449
-0
-0.866313
-0
-0.535327
-0
0
0
0.535158
0
0.865767
0
0.865631
0
0.534905
0
5.94695e-07
0
-0.534735
-0
-0.865084
-0
-0.864947
-0
-0.534483
-0
0
0
0.534313
0
0.8644
0
0.864263
0
0.53406
0
5.93755e-07
0
-0.53389
-0
-0.863715
-0
-0.863579
-0
-0.533637
-0
0
0
0.533466
0
0.86303
0
0.862893
0
0.533213
0
5.92813e-07
0
-0.533042
-0
-0.862343
-0
-0.862207
-0
-0.532789
-0
0
0
0.532618
0
0.861657
0
0.861519
0
0.532363
0
5.91868e-07
0
-0.532192
-0
-0.860969
-0
-0.860831
-0
-0.531939
-0
0
0
0.531767
0
0.86028
0
0.860142
0
0.531512
0
5.90922e-07
0
-0.531341
-0
-0.85959
-0
-0.859453
-0
-0.531087
-0
0
0
0.530915
0
0.8589
0
0.858762
0
0.530659
0
5.89973e-07
0
-0.530487
-0
-0.858209
-0
-0.858071
-0
-0.530232
-0
0
0
0.53006
0
0.857517
0
0.857379
0
0.529804
0
5.89022e-07
0
-0.529632
-0
-0.856825
-0
-0.856687
-0
-0.529376
-0
0
0
0.529204
0
0.856131
0
0.855993
0
0.528947
0
5.88069e-07
0
-0.528774
-0
-0.855437
-0
-0.855298
-0
-0.528518
-0
0
0
0.528345
0
0.854742
0
0.854603
0
0.528088
0
5.87113e-07
0
-0.527915
-0
-0.854046
-0
-0.853907
-0
-0.527658
-0
0
0
0.527485
0
0.853349
0
0.85321
0
0.527227
0
5.86155e-07
0
-0.527053
-0
-0.852651
-0
-0.852512
-0
-0.526796
-0
0
0
0.526622
0
0.851953
0
0.851814
0
0.526364
0
5.85195e-07
0
-0.52619
-0
-0.851254
-0
-0.851114
-0
-0.525932
-0
0
0
0.525758
0
0.850554
0
0.850414
0
0.525498
0
5.84233e-07
0
-0.525324
-0
-0.849853
-0
-0.849713
-0
-0.525065
-0
0
0
0.524891
0
0.849151
0
0.849011
0
0.524631
0
5.83268e-07
0
-0.524456
-0
-0.848448
-0
-0.848308
-0
-0.524197
-0
0
0
0.524022
0
0.847745
0
0.847605
0
0.523762
0
5.82301e-07
0
-0.523587
-0
-0.847041
-0
-0.8469
-0
-0.523327
-0
0
0
0.523152
0
0.846336
0
0.846195
0
0.52289
0
5.81332e-07
0
-0.522715
-0
-0.84563
-0
-0.845489
-0
-0.522454
-0
0
0
0.522279
0
0.844923
0
0.844782
0
0.522017
0
5.80361e-07
0
-0.521841
-0
-0.844215
-0
-0.844074
-0
-0.52158
-0
0
0
0.521404
0
0.843507
0
0.843366
0
0.521141
0
5.79387e-07
0
-0.520965
-0
-0.842798
-0
-0.842656
-0
-0.520703
-0
0
0
0.520527
0
0.842088
0
0.841946
0
0.520264
0
5.78411e-07
0
-0.520087
-0
-0.841377
-0
-0.841235
-0
-0.519824
-0
0
0
0.519647
0
0.840665
0
0.840523
0
0.519384
0
5.77432e-07
0
-0.519207
-0
-0.839952
-0
-0.83981
-0
-0.518944
-0
0
0
0.518766
0
0.839239
0
0.839096
0
0.518502
0
5.76451e-07
0
-0.518324
-0
-0.838524
-0
-0.838381
-0
-0.51806
-0
0
0
0.517883
0
0.837809
0
0.837666
0
0.517618
0
5.75468e-07
0
-0.51744
-0
-0.837092
-0
-0.83695
-0
-0.517175
-0
0
0
0.516997
0
0.836376
0
0.836232
0
0.516731
0
5.74482e-07
0
-0.516553
-0
-0.835657
-0
-0.835514
-0
-0.516288
-0
0
0
0.516109
0
0.834939
0
0.834795
0
0.515843
0
5.73494e-07
0
-0.515664
-0
-0.834219
-0
-0.834075
-0
-0.515399
-0
0
0
0.51522
0
0.833499
0
0.833355
0
0.514953
0
5.72504e-07
0
-0.514773
-0
-0.832777
-0
-0.832633
-0
-0.514507
-0
0
0
0.514327
0
0.832055
0
0.83191
0
0.51406
0
5.71511e-07
0
-0.51388
-0
-0.831331
-0
-0.831187
-0
-0.513613
-0
0
0
0.513433
0
0.830608
0
0.830463
0
0.513165
0
5.70515e-07
0
-0.512985
-0
-0.829882
-0
-0.829738
-0
-0.512717
-0
0
0
0.512537
0
0.829157
0
0.829012
0
0.512268
0
5.69518e-07
0
-0.512087
-0
-0.82843
-0
-0.828285
-0
-0.511819
-0
0
0
0.511638
0
0.827702
0
0.827557
0
0.511369
0
5.68517e-07
0
-0.511187
-0
-0.826974
-0
-0.826828
-0
-0.510918
-0
0
0
0.510737
0
0.826244
0
0.826098
0
0.510467
0
5.67515e-07
0
-0.510285
-0
-0.825514
-0
-0.825368
-0
-0.510016
-0
0
0
0.509834
0
0.824783
0
0.824637
0
0.509563
0
5.6651e-07
0
-0.509381
-0
-0.82405
-0
-0.823904
-0
-0.509111
-0
0
0
0.508929
0
0.823317
0
0.823171
0
0.508657
0
5.65502e-07
0
-0.508475
-0
-0.822583
-0
-0.822437
-0
-0.508204
-0
0
0
0.508021
0
0.821849
0
0.821702
0
0.507749
0
5.64492e-07
0
-0.507566
-0
-0.821113
-0
-0.820966
-0
-0.507294
-0
0
0
0.507111
0
0.820376
0
0.820229
0
0.506838
0
5.63479e-07
0
-0.506655
-0
-0.819638
-0
-0.819491
-0
-0.506383
-0
0
0
0.506199
0
0.8189
0
0.818752
0
0.505926
0
5.62464e-07
0
-0.505742
-0
-0.81816
-0
-0.818013
-0
-0.505469
-0
0
0
0.505285
0
0.81742
0
0.817272
0
0.505011
0
5.61446e-07
0
-0.504826
-0
-0.816678
-0
-0.816531
-0
-0.504553
-0
0
0
0.504368
0
0.815936
0
0.815788
0
0.504093
0
5.60426e-07
0
-0.503908
-0
-0.815193
-0
-0.815045
-0
-0.503634
-0
0
0
0.503449
0
0.814449
0
0.8143
0
0.503173
0
5.59403e-07
0
-0.502988
-0
-0.813704
-0
-0.813555
-0
-0.502713
-0
0
0
0.502528
0
0.812958
0
0.812809
0
0.502251
0
5.58377e-07
0
-0.502066
-0
-0.812211
-0
-0.812062
-0
-0.50179
-0
0
0
0.501604
0
0.811463
0
0.811314
0
0.501327
0
5.57349e-07
0
-0.501141
-0
-0.810714
-0
-0.810565
-0
-0.500864
-0
0
0
0.500678
0
0.809964
0
0.809814
0
0.5004
0
5.56318e-07
0
-0.500214
-0
-0.809213
-0
-0.809064
-0
-0.499937
-0
0
0
0.49975
0
0.808462
0
0.808312
0
0.499471
0
5.55285e-07
0
-0.499284
-0
-0.807709
-0
-0.807559
-0
-0.499006
-0
0
0
0.498819
0
0.806956
0
0.806805
0
0.49854
0
5.54249e-07
0
-0.498352
-0
-0.806201
-0
-0.80605
-0
-0.498074
-0
0
0
0.497886
0
0.805445
0
0.805294
0
0.497606
0
5.5321e-07
0
-0.497418
-0
-0.804689
-0
-0.804538
-0
-0.497139
-0
0
0
0.496951
0
0.803931
0
0.80378
0
0.49667
0
5.52169e-07
0
-0.496481
-0
-0.803173
-0
-0.803021
-0
-0.496201
-0
0
0
0.496013
0
0.802413
0
0.802262
0
0.495731
0
5.51125e-07
0
-0.495542
-0
-0.801653
-0
-0.801501
-0
-0.495262
-0
0
0
0.495072
0
0.800892
0
0.800739
0
0.49479
0
5.50079e-07
0
-0.494601
-0
-0.800129
-0
-0.799977
-0
-0.494319
-0
0
0
0.49413
0
0.799366
0
0.799213
0
0.493847
0
5.49029e-07
0
-0.493657
-0
-0.798601
-0
-0.798449
-0
-0.493375
-0
0
0
0.493184
0
0.797836
0
0.797683
0
0.492901
0
5.47977e-07
0
-0.492711
-0
-0.79707
-0
-0.796917
-0
-0.492427
-0
0
0
0.492237
0
0.796303
0
0.796149
0
0.491953
0
5.46922e-07
0
-0.491762
-0
-0.795534
-0
-0.795381
-0
-0.491478
-0
0
0
0.491287
0
0.794765
0
0.794611
0
0.491002
0
5.45865e-07
0
-0.49081
-0
-0.793994
-0
-0.793841
-0
-0.490526
-0
0
0
0.490334
0
0.793223
0
0.793069
0
0.490048
0
5.44804e-07
0
-0.489857
-0
-0.792451
-0
-0.792297
-0
-0.489571
-0
0
0
0.489379
0
0.791677
0
0.791523
0
0.489093
0
5.43741e-07
0
-0.4889
-0
-0.790903
-0
-0.790748
-0
-0.488614
-0
0
0
0.488422
0
0.790128
0
0.789973
0
0.488134
0
5.42675e-07
0
-0.487941
-0
-0.789351
-0
-0.789196
-0
-0.487655
-0
0
0
0.487462
0
0.788574
0
0.788418
0
0.487173
0
5.41607e-07
0
-0.48698
-0
-0.787795
-0
-0.78764
-0
-0.486693
-0
0
0
0.486499
0
0.787016
0
0.78686
0
0.48621
0
5.40535e-07
0
-0.486016
-0
-0.786235
-0
-0.78608
-0
-0.485728
-0
0
0
0.485534
0
0.785454
0
0.785298
0
0.485244
0
5.39461e-07
0
-0.48505
-0
-0.784671
-0
-0.784515
-0
-0.484761
-0
0
0
0.484566
0
0.783888
0
0.783731
0
0.484276
0
5.38384e-07
0
-0.484081
-0
-0.783103
-0
-0.782946
-0
-0.483791
-0
0
0
0.483596
0
0.782317
0
0.78216
0
0.483305
0
5.37304e-07
0
-0.483109
-0
-0.78153
-0
-0.781373
-0
-0.482819
-0
0
0
0.482623
0
0.780743
0
0.780585
0
0.482331
0
5.36221e-07
0
-0.482135
-0
-0.779954
-0
-0.779796
-0
-0.481844
-0
0
0
0.481647
0
0.779164
0
0.779006
0
0.481355
0
5.35135e-07
0
-0.481158
-0
-0.778373
-0
-0.778215
-0
-0.480866
-0
0
0
0.480669
0
0.777581
0
0.777423
0
0.480376
0
5.34046e-07
0
-0.480179
-0
-0.776788
-0
-0.77663
-0
-0.479886
-0
0
0
0.479689
0
0.775994
0
0.775835
0
0.479394
0
5.32955e-07
0
-0.479197
-0
-0.775198
-0
-0.77504
-0
-0.478903
-0
0
0
0.478705
0
0.774402
0
0.774243
0
0.47841
0
5.3186e-07
0
-0.478212
-0
-0.773605
-0
-0.773446
-0
-0.477918
-0
0
0
0.477719
0
0.772807
0
0.772647
0
0.477424
0
5.30762e-07
0
-0.477225
-0
-0.772007
-0
-0.771847
-0
-0.47693
-0
0
0
0.476731
0
0.771206
0
0.771046
0
0.476434
0
5.29662e-07
0
-0.476235
-0
-0.770405
-0
-0.770245
-0
-0.475939
-0
0
0
0.475739
0
0.769602
0
0.769441
0
0.475442
0
5.28558e-07
0
-0.475242
-0
-0.768798
-0
-0.768637
-0
-0.474945
-0
0
0
0.474745
0
0.767993
0
0.767832
0
0.474447
0
5.27452e-07
0
-0.474247
-0
-0.767187
-0
-0.767026
-0
-0.473949
-0
0
0
0.473749
0
0.76638
0
0.766218
0
0.473449
0
5.26342e-07
0
-0.473249
-0
-0.765571
-0
-0.76541
-0
-0.47295
-0
0
0
0.472749
0
0.764762
0
0.7646
0
0.472449
0
5.2523e-07
0
-0.472248
-0
-0.763952
-0
-0.76379
-0
-0.471948
-0
0
0
0.471747
0
0.76314
0
0.762978
0
0.471446
0
5.24114e-07
0
-0.471244
-0
-0.762327
-0
-0.762165
-0
-0.470944
-0
0
0
0.470742
0
0.761514
0
0.761351
0
0.47044
0
5.22995e-07
0
-0.470238
-0
-0.760698
-0
-0.760536
-0
-0.469937
-0
0
0
0.469734
0
0.759883
0
0.759719
0
0.469432
0
5.21873e-07
0
-0.469229
-0
-0.759065
-0
-0.758902
-0
-0.468927
-0
0
0
0.468724
0
0.758247
0
0.758083
0
0.46842
0
5.20749e-07
0
-0.468217
-0
-0.757427
-0
-0.757264
-0
-0.467914
-0
0
0
0.46771
0
0.756607
0
0.756443
0
0.467406
0
5.1962e-07
0
-0.467202
-0
-0.755785
-0
-0.755621
-0
-0.466898
-0
0
0
0.466694
0
0.754962
0
0.754798
0
0.466389
0
5.18489e-07
0
-0.466185
-0
-0.754138
-0
-0.753974
-0
-0.46588
-0
0
0
0.465675
0
0.753313
0
0.753148
0
0.465369
0
5.17355e-07
0
-0.465164
-0
-0.752487
-0
-0.752322
-0
-0.464859
-0
0
0
0.464653
0
0.751659
0
0.751494
0
0.464347
0
5.16217e-07
0
-0.464141
-0
-0.75083
-0
-0.750665
-0
-0.463834
-0
0
0
0.463628
0
0.750001
0
0.749835
0
0.463321
0
5.15077e-07
0
-0.463115
-0
-0.749169
-0
-0.749004
-0
-0.462807
-0
0
0
0.462601
0
0.748337
0
0.748171
0
0.462292
0
5.13933e-07
0
-0.462086
-0
-0.747504
-0
-0.747338
-0
-0.461778
-0
0
0
0.46157
0
0.74667
0
0.746503
0
0.461261
0
5.12786e-07
0
-0.461054
-0
-0.745834
-0
-0.745667
-0
-0.460745
-0
0
0
0.460537
0
0.744997
0
0.74483
0
0.460227
0
5.11635e-07
0
-0.460019
-0
-0.744159
-0
-0.743992
-0
-0.459709
-0
0
0
0.459501
0
0.74332
0
0.743152
0
0.45919
0
5.10481e-07
0
-0.458981
-0
-0.742479
-0
-0.742311
-0
-0.45867
-0
0
0
0.458461
0
0.741638
0
0.741469
0
0.458149
0
5.09324e-07
0
-0.45794
-0
-0.740795
-0
-0.740626
-0
-0.457629
-0
0
0
0.457419
0
0.739951
0
0.739782
0
0.457106
0
5.08164e-07
0
-0.456896
-0
-0.739105
-0
-0.738937
-0
-0.456584
-0
0
0
0.456374
0
0.738259
0
0.73809
0
0.45606
0
5.07001e-07
0
-0.45585
-0
-0.737411
-0
-0.737242
-0
-0.455536
-0
0
0
0.455326
0
0.736562
0
0.736393
0
0.455011
0
5.05834e-07
0
-0.4548
-0
-0.735712
-0
-0.735542
-0
-0.454486
-0
0
0
0.454274
0
0.734861
0
0.734691
0
0.453959
0
5.04663e-07
0
-0.453747
-0
-0.734008
-0
-0.733838
-0
-0.453432
-0
0
0
0.45322
0
0.733154
0
0.732984
0
0.452903
0
5.0349e-07
0
-0.452691
-0
-0.732299
-0
-0.732129
-0
-0.452375
-0
0
0
0.452163
0
0.731443
0
0.731272
0
0.451845
0
5.02313e-07
0
-0.451632
-0
-0.730585
-0
-0.730414
-0
-0.451315
-0
0
0
0.451102
0
0.729727
0
0.729555
0
0.450784
0
5.01132e-07
0
-0.45057
-0
-0.728867
-0
-0.728695
-0
-0.450252
-0
0
0
0.450039
0
0.728006
0
0.727833
0
0.449719
0
4.99948e-07
0
-0.449505
-0
-0.727143
-0
-0.726971
-0
-0.449186
-0
0
0
0.448972
0
0.726279
0
0.726106
0
0.448652
0
4.98761e-07
0
-0.448437
-0
-0.725414
-0
-0.725241
-0
-0.448117
-0
0
0
0.447902
0
0.724548
0
0.724375
0
0.447581
0
4.9757e-07
0
-0.447366
-0
-0.72368
-0
-0.723507
-0
-0.447045
-0
0
0
0.446829
0
0.722811
0
0.722638
0
0.446507
0
4.96375e-07
0
-0.446291
-0
-0.721941
-0
-0.721767
-0
-0.44597
-0
0
0
0.445753
0
0.72107
0
0.720895
0
0.44543
0
4.95177e-07
0
-0.445214
-0
-0.720197
-0
-0.720023
-0
-0.444891
-0
0
0
0.444674
0
0.719323
0
0.719148
0
0.44435
0
4.93976e-07
0
-0.444133
-0
-0.718447
-0
-0.718273
-0
-0.443809
-0
0
0
0.443592
0
0.717571
0
0.717396
0
0.443267
0
4.92771e-07
0
-0.443049
-0
-0.716693
-0
-0.716518
-0
-0.442724
-0
0
0
0.442506
0
0.715814
0
0.715638
0
0.44218
0
4.91562e-07
0
-0.441962
-0
-0.714933
-0
-0.714757
-0
-0.441636
-0
0
0
0.441417
0
0.714051
0
0.713875
0
0.44109
0
4.9035e-07
0
-0.440871
-0
-0.713168
-0
-0.712992
-0
-0.440544
-0
0
0
0.440325
0
0.712284
0
0.712107
0
0.439997
0
4.89134e-07
0
-0.439777
-0
-0.711398
-0
-0.711221
-0
-0.43945
-0
0
0
0.43923
0
0.710511
0
0.710333
0
0.438901
0
4.87915e-07
0
-0.43868
-0
-0.709622
-0
-0.709445
-0
-0.438352
-0
0
0
0.438131
0
0.708733
0
0.708555
0
0.437801
0
4.86691e-07
0
-0.43758
-0
-0.707841
-0
-0.707663
-0
-0.43725
-0
0
0
0.437029
0
0.706949
0
0.70677
0
0.436698
0
4.85465e-07
0
-0.436476
-0
-0.706055
-0
-0.705876
-0
-0.436146
-0
0
0
0.435923
0
0.70516
0
0.704981
0
0.435592
0
4.84234e-07
0
-0.435369
-0
-0.704263
-0
-0.704084
-0
-0.435038
-0
0
0
0.434815
0
0.703365
0
0.703186
0
0.434482
0
4.83e-07
0
-0.434259
-0
-0.702466
-0
-0.702286
-0
-0.433926
-0
0
0
0.433703
0
0.701565
0
0.701385
0
0.433369
0
4.81762e-07
0
-0.433145
-0
-0.700663
-0
-0.700483
-0
-0.432811
-0
0
0
0.432587
0
0.69976
0
0.699579
0
0.432252
0
4.8052e-07
0
-0.432028
-0
-0.698855
-0
-0.698674
-0
-0.431693
-0
0
0
0.431468
0
0.697949
0
0.697768
0
0.431132
0
4.79274e-07
0
-0.430907
-0
-0.697041
-0
-0.69686
-0
-0.430571
-0
0
0
0.430346
0
0.696132
0
0.695951
0
0.430009
0
4.78024e-07
0
-0.429783
-0
-0.695222
-0
-0.69504
-0
-0.429446
-0
0
0
0.42922
0
0.69431
0
0.694128
0
0.428882
0
4.76771e-07
0
-0.428656
-0
-0.693397
-0
-0.693215
-0
-0.428318
-0
0
0
0.428091
0
0.692483
0
0.6923
0
0.427752
0
4.75514e-07
0
-0.427524
-0
-0.691566
-0
-0.691383
-0
-0.427186
-0
0
0
0.426958
0
0.690649
0
0.690466
0
0.426618
0
4.74253e-07
0
-0.42639
-0
-0.68973
-0
-0.689547
-0
-0.42605
-0
0
0
0.425822
0
0.68881
0
0.688626
0
0.425481
0
4.72987e-07
0
-0.425252
-0
-0.687888
-0
-0.687704
-0
-0.424911
-0
0
0
0.424682
0
0.686965
0
0.68678
0
0.42434
0
4.71718e-07
0
-0.42411
-0
-0.68604
-0
-0.685856
-0
-0.423768
-0
0
0
0.423538
0
0.685114
0
0.684929
0
0.423195
0
4.70445e-07
0
-0.422965
-0
-0.684187
-0
-0.684001
-0
-0.422622
-0
0
0
0.422391
0
0.683258
0
0.683072
0
0.422047
0
4.69168e-07
0
-0.421816
-0
-0.682327
-0
-0.682141
-0
-0.421472
-0
0
0
0.421241
0
0.681395
0
0.681209
0
0.420895
0
4.67887e-07
0
-0.420664
-0
-0.680462
-0
-0.680275
-0
-0.420318
-0
0
0
0.420086
0
0.679527
0
0.67934
0
0.41974
0
4.66602e-07
0
-0.419508
-0
-0.678591
-0
-0.678404
-0
-0.419161
-0
0
0
0.418929
0
0.677653
0
0.677465
0
0.418581
0
4.65313e-07
0
-0.418348
-0
-0.676714
-0
-0.676526
-0
-0.418
-0
0
0
0.417767
0
0.675773
0
0.675585
0
0.417418
0
4.6402e-07
0
-0.417184
-0
-0.67483
-0
-0.674642
-0
-0.416836
-0
0
0
0.416602
0
0.673887
0
0.673698
0
0.416252
0
4.62722e-07
0
-0.416017
-0
-0.672941
-0
-0.672752
-0
-0.415667
-0
0
0
0.415433
0
0.671995
0
0.671805
0
0.415081
0
4.61421e-07
0
-0.414846
-0
-0.671046
-0
-0.670857
-0
-0.414495
-0
0
0
0.41426
0
0.670096
0
0.669906
0
0.413908
0
4.60115e-07
0
-0.413672
-0
-0.669145
-0
-0.668955
-0
-0.41332
-0
0
0
0.413083
0
0.668192
0
0.668001
0
0.41273
0
4.58805e-07
0
-0.412493
-0
-0.667237
-0
-0.667047
-0
-0.41214
-0
0
0
0.411903
0
0.666281
0
0.66609
0
0.411548
0
4.57491e-07
0
-0.411311
-0
-0.665324
-0
-0.665132
-0
-0.410956
-0
0
0
0.410719
0
0.664365
0
0.664173
0
0.410363
0
4.56172e-07
0
-0.410125
-0
-0.663404
-0
-0.663212
-0
-0.409769
-0
0
0
0.409531
0
0.662442
0
0.662249
0
0.409174
0
4.54849e-07
0
-0.408935
-0
-0.661478
-0
-0.661285
-0
-0.408578
-0
0
0
0.408339
0
0.660513
0
0.660319
0
0.407981
0
4.53522e-07
0
-0.407741
-0
-0.659545
-0
-0.659352
-0
-0.407383
-0
0
0
0.407143
0
0.658577
0
0.658383
0
0.406784
0
4.52191e-07
0
-0.406543
-0
-0.657607
-0
-0.657413
-0
-0.406184
-0
0
0
0.405943
0
0.656635
0
0.656441
0
0.405583
0
4.50855e-07
0
-0.405341
-0
-0.655662
-0
-0.655467
-0
-0.404981
-0
0
0
0.404739
0
0.654687
0
0.654492
0
0.404378
0
4.49515e-07
0
-0.404135
-0
-0.65371
-0
-0.653515
-0
-0.403774
-0
0
0
0.403531
0
0.652732
0
0.652536
0
0.403169
0
4.4817e-07
0
-0.402926
-0
-0.651752
-0
-0.651556
-0
-0.402563
-0
0
0
0.40232
0
0.650771
0
0.650574
0
0.401956
0
4.46821e-07
0
-0.401712
-0
-0.649788
-0
-0.649591
-0
-0.401348
-0
0
0
0.401104
0
0.648803
0
0.648606
0
0.400739
0
4.45467e-07
0
-0.400494
-0
-0.647816
-0
-0.647619
-0
-0.400129
-0
0
0
0.399884
0
0.646829
0
0.646631
0
0.399518
0
4.44109e-07
0
-0.399272
-0
-0.645839
-0
-0.645641
-0
-0.398906
-0
0
0
0.39866
0
0.644848
0
0.644649
0
0.398293
0
4.42746e-07
0
-0.398046
-0
-0.643854
-0
-0.643656
-0
-0.397679
-0
0
0
0.397432
0
0.64286
0
0.642661
0
0.397063
0
4.41379e-07
0
-0.396816
-0
-0.641863
-0
-0.641664
-0
-0.396448
-0
0
0
0.3962
0
0.640866
0
0.640666
0
0.39583
0
4.40007e-07
0
-0.395582
-0
-0.639866
-0
-0.639666
-0
-0.395212
-0
0
0
0.394964
0
0.638865
0
0.638664
0
0.394592
0
4.3863e-07
0
-0.394344
-0
-0.637861
-0
-0.637661
-0
-0.393972
-0
0
0
0.393723
0
0.636857
0
0.636656
0
0.393351
0
4.37249e-07
0
-0.393101
-0
-0.63585
-0
-0.635649
-0
-0.392729
-0
0
0
0.392479
0
0.634842
0
0.63464
0
0.392105
0
4.35863e-07
0
-0.391854
-0
-0.633832
-0
-0.63363
-0
-0.39148
-0
0
0
0.39123
0
0.63282
0
0.632618
0
0.390854
0
4.34472e-07
0
-0.390603
-0
-0.631807
-0
-0.631604
-0
-0.390228
-0
0
0
0.389976
0
0.630792
0
0.630589
0
0.3896
0
4.33077e-07
0
-0.389348
-0
-0.629775
-0
-0.629571
-0
-0.388971
-0
0
0
0.388719
0
0.628756
0
0.628552
0
0.388341
0
4.31676e-07
0
-0.388088
-0
-0.627736
-0
-0.627532
-0
-0.38771
-0
0
0
0.387457
0
0.626713
0
0.626509
0
0.387078
0
4.30271e-07
0
-0.386824
-0
-0.625689
-0
-0.625485
-0
-0.386445
-0
0
0
0.38619
0
0.624664
0
0.624459
0
0.38581
0
4.28861e-07
0
-0.385555
-0
-0.623636
-0
-0.623431
-0
-0.385175
-0
0
0
0.38492
0
0.622607
0
0.622401
0
0.384538
0
4.27446e-07
0
-0.384282
-0
-0.621576
-0
-0.62137
-0
-0.3839
-0
0
0
0.383644
0
0.620543
0
0.620336
0
0.383261
0
4.26026e-07
0
-0.383005
-0
-0.619508
-0
-0.619301
-0
-0.382622
-0
0
0
0.382365
0
0.618472
0
0.618264
0
0.38198
0
4.24601e-07
0
-0.381723
-0
-0.617433
-0
-0.617226
-0
-0.381338
-0
0
0
0.381081
0
0.616393
0
0.616185
0
0.380695
0
4.23171e-07
0
-0.380436
-0
-0.615351
-0
-0.615143
-0
-0.380051
-0
0
0
0.379792
0
0.614307
0
0.614098
0
0.379405
0
4.21736e-07
0
-0.379145
-0
-0.613261
-0
-0.613053
-0
-0.378758
-0
0
0
0.378499
0
0.612214
0
0.612004
0
0.37811
0
4.20296e-07
0
-0.37785
-0
-0.611165
-0
-0.610955
-0
-0.377461
-0
0
0
0.377201
0
0.610113
0
0.609903
0
0.376811
0
4.18851e-07
0
-0.37655
-0
-0.60906
-0
-0.60885
-0
-0.37616
-0
0
0
0.375898
0
0.608005
0
0.607794
0
0.375507
0
4.17401e-07
0
-0.375245
-0
-0.606948
-0
-0.606737
-0
-0.374854
-0
0
0
0.374591
0
0.605889
0
0.605678
0
0.374198
0
4.15945e-07
0
-0.373936
-0
-0.604829
-0
-0.604617
-0
-0.373543
-0
0
0
0.373279
0
0.603766
0
0.603553
0
0.372885
0
4.14484e-07
0
-0.372621
-0
-0.602701
-0
-0.602489
-0
-0.372227
-0
0
0
0.371963
0
0.601635
0
0.601422
0
0.371567
0
4.13018e-07
0
-0.371302
-0
-0.600567
-0
-0.600353
-0
-0.370907
-0
0
0
0.370642
0
0.599496
0
0.599282
0
0.370245
0
4.11547e-07
0
-0.369979
-0
-0.598424
-0
-0.59821
-0
-0.369582
-0
0
0
0.369315
0
0.59735
0
0.597135
0
0.368917
0
4.1007e-07
0
-0.36865
-0
-0.596274
-0
-0.596059
-0
-0.368252
-0
0
0
0.367984
0
0.595196
0
0.59498
0
0.367585
0
4.08588e-07
0
-0.367317
-0
-0.594115
-0
-0.5939
-0
-0.366917
-0
0
0
0.366649
0
0.593033
0
0.592817
0
0.366247
0
4.07101e-07
0
-0.365979
-0
-0.591949
-0
-0.591733
-0
-0.365577
-0
0
0
0.365308
0
0.590863
0
0.590646
0
0.364905
0
4.05608e-07
0
-0.364635
-0
-0.589775
-0
-0.589558
-0
-0.364232
-0
0
0
0.363962
0
0.588685
0
0.588467
0
0.363558
0
4.04109e-07
0
-0.363287
-0
-0.587593
-0
-0.587375
-0
-0.362883
-0
0
0
0.362612
0
0.586499
0
0.58628
0
0.362206
0
4.02605e-07
0
-0.361934
-0
-0.585403
-0
-0.585184
-0
-0.361528
-0
0
0
0.361256
0
0.584305
0
0.584085
0
0.360849
0
4.01095e-07
0
-0.360576
-0
-0.583204
-0
-0.582984
-0
-0.360168
-0
0
0
0.359895
0
0.582102
0
0.581882
0
0.359486
0
3.9958e-07
0
-0.359213
-0
-0.580998
-0
-0.580777
-0
-0.358804
-0
0
0
0.358529
0
0.579892
0
0.57967
0
0.358119
0
3.98059e-07
0
-0.357844
-0
-0.578783
-0
-0.578561
-0
-0.357434
-0
0
0
0.357159
0
0.577672
0
0.57745
0
0.356747
0
3.96532e-07
0
-0.356471
-0
-0.57656
-0
-0.576337
-0
-0.356059
-0
0
0
0.355782
0
0.575445
0
0.575222
0
0.355369
0
3.95e-07
0
-0.355092
-0
-0.574328
-0
-0.574105
-0
-0.354679
-0
0
0
0.354401
0
0.573209
0
0.572985
0
0.353986
0
3.93462e-07
0
-0.353708
-0
-0.572088
-0
-0.571864
-0
-0.353293
-0
0
0
0.353015
0
0.570965
0
0.57074
0
0.352598
0
3.91918e-07
0
-0.352319
-0
-0.56984
-0
-0.569615
-0
-0.351902
-0
0
0
0.351623
0
0.568712
0
0.568486
0
0.351205
0
3.90368e-07
0
-0.350925
-0
-0.567582
-0
-0.567357
-0
-0.350506
-0
0
0
0.350226
0
0.566451
0
0.566224
0
0.349806
0
3.88812e-07
0
-0.349525
-0
-0.565317
-0
-0.56509
-0
-0.349105
-0
0
0
0.348823
0
0.56418
0
0.563953
0
0.348402
0
3.8725e-07
0
-0.34812
-0
-0.563042
-0
-0.562814
-0
-0.347698
-0
0
0
0.347415
0
0.561902
0
0.561673
0
0.346992
0
3.85682e-07
0
-0.346709
-0
-0.560759
-0
-0.56053
-0
-0.346286
-0
0
0
0.346002
0
0.559614
0
0.559385
0
0.345577
0
3.84108e-07
0
-0.345293
-0
-0.558466
-0
-0.558237
-0
-0.344868
-0
0
0
0.344583
0
0.557317
0
0.557087
0
0.344157
0
3.82528e-07
0
-0.343871
-0
-0.556165
-0
-0.555935
-0
-0.343445
-0
0
0
0.343159
0
0.555012
0
0.554781
0
0.342731
0
3.80941e-07
0
-0.342444
-0
-0.553855
-0
-0.553624
-0
-0.342016
-0
0
0
0.341729
0
0.552697
0
0.552465
0
0.341299
0
3.79349e-07
0
-0.341011
-0
-0.551536
-0
-0.551304
-0
-0.340581
-0
0
0
0.340293
0
0.550373
0
0.55014
0
0.339862
0
3.7775e-07
0
-0.339573
-0
-0.549208
-0
-0.548975
-0
-0.339141
-0
0
0
0.338852
0
0.54804
0
0.547807
0
0.338419
0
3.76145e-07
0
-0.338129
-0
-0.54687
-0
-0.546636
-0
-0.337695
-0
0
0
0.337405
0
0.545698
0
0.545464
0
0.33697
0
3.74533e-07
0
-0.336679
-0
-0.544523
-0
-0.544289
-0
-0.336244
-0
0
0
0.335952
0
0.543347
0
0.543111
0
0.335516
0
3.72915e-07
0
-0.335223
-0
-0.542167
-0
-0.541932
-0
-0.334787
-0
0
0
0.334494
0
0.540986
0
0.540749
0
0.334055
0
3.71291e-07
0
-0.333762
-0
-0.539802
-0
-0.539565
-0
-0.333323
-0
0
0
0.333029
0
0.538615
0
0.538378
0
0.332589
0
3.6966e-07
0
-0.332295
-0
-0.537427
-0
-0.537189
-0
-0.331854
-0
0
0
0.331559
0
0.536236
0
0.535997
0
0.331117
0
3.68023e-07
0
-0.330821
-0
-0.535042
-0
-0.534803
-0
-0.330379
-0
0
0
0.330083
0
0.533846
0
0.533607
0
0.329639
0
3.66378e-07
0
-0.329342
-0
-0.532648
-0
-0.532408
-0
-0.328898
-0
0
0
0.328601
0
0.531447
0
0.531207
0
0.328155
0
3.64728e-07
0
-0.327857
-0
-0.530243
-0
-0.530003
-0
-0.327411
-0
0
0
0.327113
0
0.529038
0
0.528797
0
0.326665
0
3.6307e-07
0
-0.326366
-0
-0.52783
-0
-0.527588
-0
-0.325918
-0
0
0
0.325618
0
0.526619
0
0.526377
0
0.325169
0
3.61406e-07
0
-0.324868
-0
-0.525406
-0
-0.525163
-0
-0.324419
-0
0
0
0.324118
0
0.52419
0
0.523947
0
0.323667
0
3.59735e-07
0
-0.323365
-0
-0.522972
-0
-0.522728
-0
-0.322913
-0
0
0
0.322611
0
0.521751
0
0.521507
0
0.322158
0
3.58056e-07
0
-0.321855
-0
-0.520528
-0
-0.520283
-0
-0.321402
-0
0
0
0.321098
0
0.519302
0
0.519057
0
0.320643
0
3.56371e-07
0
-0.320339
-0
-0.518074
-0
-0.517828
-0
-0.319884
-0
0
0
0.319579
0
0.516843
0
0.516597
0
0.319122
0
3.54679e-07
0
-0.318817
-0
-0.51561
-0
-0.515363
-0
-0.31836
-0
0
0
0.318053
0
0.514374
0
0.514127
0
0.317595
0
3.5298e-07
0
-0.317288
-0
-0.513135
-0
-0.512888
-0
-0.316829
-0
0
0
0.316522
0
0.511894
0
0.511646
0
0.316061
0
3.51274e-07
0
-0.315753
-0
-0.51065
-0
-0.510402
-0
-0.315292
-0
0
0
0.314983
0
0.509404
0
0.509155
0
0.314521
0
3.4956e-07
0
-0.314211
-0
-0.508155
-0
-0.507905
-0
-0.313748
-0
0
0
0.313438
0
0.506903
0
0.506653
0
0.312974
0
3.4784e-07
0
-0.312663
-0
-0.505649
-0
-0.505398
-0
-0.312198
-0
0
0
0.311887
0
0.504392
0
0.50414
0
0.31142
0
3.46112e-07
0
-0.311108
-0
-0.503132
-0
-0.50288
-0
-0.310641
-0
0
0
0.310329
0
0.50187
0
0.501617
0
0.30986
0
3.44376e-07
0
-0.309547
-0
-0.500605
-0
-0.500352
-0
-0.309078
-0
0
0
0.308764
0
0.499337
0
0.499083
0
0.308294
0
3.42633e-07
0
-0.307979
-0
-0.498066
-0
-0.497812
-0
-0.307508
-0
0
0
0.307193
0
0.496793
0
0.496538
0
0.30672
0
3.40883e-07
0
-0.306404
-0
-0.495517
-0
-0.495262
-0
-0.305931
-0
0
0
0.305614
0
0.494238
0
0.493982
0
0.30514
0
3.39125e-07
0
-0.304822
-0
-0.492957
-0
-0.4927
-0
-0.304347
-0
0
0
0.304029
0
0.491672
0
0.491415
0
0.303553
0
3.37359e-07
0
-0.303234
-0
-0.490385
-0
-0.490128
-0
-0.302757
-0
0
0
0.302437
0
0.489095
0
0.488837
0
0.301958
0
3.35586e-07
0
-0.301638
-0
-0.487802
-0
-0.487544
-0
-0.301159
-0
0
0
0.300838
0
0.486507
0
0.486248
0
0.300357
0
3.33805e-07
0
-0.300036
-0
-0.485208
-0
-0.484949
-0
-0.299554
-0
0
0
0.299232
0
0.483907
0
0.483647
0
0.298749
0
3.32016e-07
0
-0.298426
-0
-0.482603
-0
-0.482342
-0
-0.297943
-0
0
0
0.297619
0
0.481296
0
0.481034
0
0.297134
0
3.30219e-07
0
-0.296809
-0
-0.479986
-0
-0.479724
-0
-0.296324
-0
0
0
0.295999
0
0.478673
0
0.47841
0
0.295511
0
3.28414e-07
0
-0.295186
-0
-0.477357
-0
-0.477094
-0
-0.294698
-0
0
0
0.294371
0
0.476039
0
0.475775
0
0.293882
0
3.26601e-07
0
-0.293554
-0
-0.474717
-0
-0.474452
-0
-0.293064
-0
0
0
0.292736
0
0.473392
0
0.473127
0
0.292245
0
3.2478e-07
0
-0.291916
-0
-0.472065
-0
-0.471799
-0
-0.291424
-0
0
0
0.291094
0
0.470734
0
0.470468
0
0.2906
0
3.22951e-07
0
-0.29027
-0
-0.4694
-0
-0.469134
-0
-0.289776
-0
0
0
0.289445
0
0.468064
0
0.467796
0
0.288949
0
3.21113e-07
0
-0.288617
-0
-0.466724
-0
-0.466456
-0
-0.28812
-0
0
0
0.287788
0
0.465381
0
0.465113
0
0.287289
0
3.19267e-07
0
-0.286956
-0
-0.464036
-0
-0.463766
-0
-0.286457
-0
0
0
0.286123
0
0.462687
0
0.462417
0
0.285622
0
3.17413e-07
0
-0.285288
-0
-0.461335
-0
-0.461064
-0
-0.284786
-0
0
0
0.284451
0
0.45998
0
0.459709
0
0.283948
0
3.1555e-07
0
-0.283612
-0
-0.458622
-0
-0.45835
-0
-0.283108
-0
0
0
0.282771
0
0.45726
0
0.456988
0
0.282266
0
3.13678e-07
0
-0.281928
-0
-0.455896
-0
-0.455623
-0
-0.281422
-0
0
0
0.281083
0
0.454528
0
0.454255
0
0.280576
0
3.11798e-07
0
-0.280236
-0
-0.453158
-0
-0.452883
-0
-0.279728
-0
0
0
0.279388
0
0.451784
0
0.451509
0
0.278878
0
3.0991e-07
0
-0.278537
-0
-0.450407
-0
-0.450131
-0
-0.278026
-0
0
0
0.277684
0
0.449026
0
0.44875
0
0.277172
0
3.08012e-07
0
-0.276829
-0
-0.447643
-0
-0.447366
-0
-0.276316
-0
0
0
0.275973
0
0.446256
0
0.445978
0
0.275458
0
3.06105e-07
0
-0.275114
-0
-0.444866
-0
-0.444588
-0
-0.274598
-0
0
0
0.274253
0
0.443473
0
0.443194
0
0.273736
0
3.0419e-07
0
-0.27339
-0
-0.442076
-0
-0.441796
-0
-0.272873
-0
0
0
0.272526
0
0.440676
0
0.440396
0
0.272006
0
3.02265e-07
0
-0.271659
-0
-0.439273
-0
-0.438992
-0
-0.271138
-0
0
0
0.27079
0
0.437866
0
0.437584
0
0.270268
0
3.00331e-07
0
-0.269919
-0
-0.436456
-0
-0.436174
-0
-0.269396
-0
0
0
0.269046
0
0.435043
0
0.43476
0
0.268521
0
2.98388e-07
0
-0.268171
-0
-0.433626
-0
-0.433342
-0
-0.267645
-0
0
0
0.267294
0
0.432206
0
0.431921
0
0.266766
0
2.96436e-07
0
-0.266414
-0
-0.430782
-0
-0.430497
-0
-0.265886
-0
0
0
0.265533
0
0.429355
0
0.429069
0
0.265003
0
2.94474e-07
0
-0.264649
-0
-0.427925
-0
-0.427638
-0
-0.264118
-0
0
0
0.263763
0
0.426491
0
0.426204
0
0.263231
0
2.92503e-07
0
-0.262875
-0
-0.425053
-0
-0.424766
-0
-0.262342
-0
0
0
0.261985
0
0.423612
0
0.423324
0
0.26145
0
2.90522e-07
0
-0.261093
-0
-0.422168
-0
-0.421879
-0
-0.260557
-0
0
0
0.260198
0
0.42072
0
0.42043
0
0.259661
0
2.88531e-07
0
-0.259301
-0
-0.419268
-0
-0.418978
-0
-0.258763
-0
0
0
0.258403
0
0.417813
0
0.417522
0
0.257863
0
2.86531e-07
0
-0.257502
-0
-0.416354
-0
-0.416063
-0
-0.25696
-0
0
0
0.256598
0
0.414892
0
0.414599
0
0.256056
0
2.8452e-07
0
-0.255693
-0
-0.413426
-0
-0.413133
-0
-0.255149
-0
0
0
0.254785
0
0.411957
0
0.411662
0
0.25424
0
2.825e-07
0
-0.253875
-0
-0.410483
-0
-0.410189
-0
-0.253328
-0
0
0
0.252963
0
0.409006
0
0.408711
0
0.252414
0
2.80469e-07
0
-0.252048
-0
-0.407526
-0
-0.407229
-0
-0.251499
-0
0
0
0.251131
0
0.406041
0
0.405744
0
0.25058
0
2.78429e-07
0
-0.250212
-0
-0.404553
-0
-0.404255
-0
-0.24966
-0
0
0
0.24929
0
0.403062
0
0.402763
0
0.248736
0
2.76378e-07
0
-0.248366
-0
-0.401566
-0
-0.401266
-0
-0.247811
-0
0
0
0.24744
0
0.400066
0
0.399766
0
0.246884
0
2.74316e-07
0
-0.246511
-0
-0.398563
-0
-0.398262
-0
-0.245954
-0
0
0
0.245581
0
0.397056
0
0.396754
0
0.245021
0
2.72244e-07
0
-0.244647
-0
-0.395545
-0
-0.395243
-0
-0.244087
-0
0
0
0.243712
0
0.39403
0
0.393727
0
0.243149
0
2.70162e-07
0
-0.242773
-0
-0.392512
-0
-0.392208
-0
-0.24221
-0
0
0
0.241833
0
0.390989
0
0.390684
0
0.241268
0
2.68068e-07
0
-0.24089
-0
-0.389462
-0
-0.389157
-0
-0.240323
-0
0
0
0.239945
0
0.387932
0
0.387626
0
0.239376
0
2.65964e-07
0
-0.238996
-0
-0.386398
-0
-0.38609
-0
-0.238427
-0
0
0
0.238046
0
0.384859
0
0.384551
0
0.237475
0
2.63849e-07
0
-0.237093
-0
-0.383317
-0
-0.383008
-0
-0.236521
-0
0
0
0.236138
0
0.38177
0
0.38146
0
0.235564
0
2.61723e-07
0
-0.23518
-0
-0.380219
-0
-0.379909
-0
-0.234605
-0
0
0
0.23422
0
0.378665
0
0.378354
0
0.233643
0
2.59586e-07
0
-0.233257
-0
-0.377106
-0
-0.376794
-0
-0.232679
-0
0
0
0.232292
0
0.375543
0
0.37523
0
0.231712
0
2.57437e-07
0
-0.231324
-0
-0.373976
-0
-0.373662
-0
-0.230742
-0
0
0
0.230353
0
0.372405
0
0.37209
0
0.22977
0
2.55277e-07
0
-0.22938
-0
-0.37083
-0
-0.370514
-0
-0.228796
-0
0
0
0.228405
0
0.36925
0
0.368934
0
0.227818
0
2.53105e-07
0
-0.227426
-0
-0.367666
-0
-0.367349
-0
-0.226838
-0
0
0
0.226445
0
0.366078
0
0.36576
0
0.225856
0
2.50922e-07
0
-0.225461
-0
-0.364486
-0
-0.364167
-0
-0.224871
-0
0
0
0.224475
0
0.362889
0
0.362569
0
0.223883
0
2.48727e-07
0
-0.223486
-0
-0.361288
-0
-0.360968
-0
-0.222892
-0
0
0
0.222495
0
0.359683
0
0.359361
0
0.221899
0
2.4652e-07
0
-0.2215
-0
-0.358073
-0
-0.357751
-0
-0.220903
-0
0
0
0.220503
0
0.356459
0
0.356136
0
0.219904
0
2.44301e-07
0
-0.219504
-0
-0.35484
-0
-0.354516
-0
-0.218903
-0
0
0
0.218501
0
0.353217
0
0.352892
0
0.217899
0
2.42069e-07
0
-0.217496
-0
-0.35159
-0
-0.351264
-0
-0.216892
-0
0
0
0.216488
0
0.349958
0
0.349631
0
0.215882
0
2.39826e-07
0
-0.215477
-0
-0.348322
-0
-0.347994
-0
-0.21487
-0
0
0
0.214463
0
0.346681
0
0.346352
0
0.213854
0
2.37569e-07
0
-0.213447
-0
-0.345035
-0
-0.344706
-0
-0.212836
-0
0
0
0.212428
0
0.343385
0
0.343054
0
0.211815
0
2.35301e-07
0
-0.211405
-0
-0.34173
-0
-0.341399
-0
-0.210791
-0
0
0
0.210381
0
0.340071
0
0.339738
0
0.209764
0
2.33019e-07
0
-0.209352
-0
-0.338407
-0
-0.338073
-0
-0.208735
-0
0
0
0.208322
0
0.336738
0
0.336404
0
0.207702
0
2.30725e-07
0
-0.207288
-0
-0.335064
-0
-0.334729
-0
-0.206667
-0
0
0
0.206252
0
0.333386
0
0.33305
0
0.205628
0
2.28418e-07
0
-0.205212
-0
-0.331703
-0
-0.331366
-0
-0.204587
-0
0
0
0.204169
0
0.330015
0
0.329677
0
0.203543
0
2.26097e-07
0
-0.203124
-0
-0.328322
-0
-0.327983
-0
-0.202495
-0
0
0
0.202075
0
0.326625
0
0.326285
0
0.201445
0
2.23763e-07
0
-0.201023
-0
-0.324922
-0
-0.324581
-0
-0.200392
-0
0
0
0.199969
0
0.323215
0
0.322873
0
0.199335
0
2.21416e-07
0
-0.198911
-0
-0.321502
-0
-0.32116
-0
-0.198276
-0
0
0
0.197851
0
0.319785
0
0.319441
0
0.197213
0
2.19055e-07
0
-0.196787
-0
-0.318063
-0
-0.317718
-0
-0.196147
-0
0
0
0.19572
0
0.316336
0
0.31599
0
0.195078
0
2.1668e-07
0
-0.19465
-0
-0.314603
-0
-0.314256
-0
-0.194007
-0
0
0
0.193577
0
0.312866
0
0.312518
0
0.192931
0
2.14291e-07
0
-0.1925
-0
-0.311123
-0
-0.310774
-0
-0.191853
-0
0
0
0.191421
0
0.309375
0
0.309025
0
0.190772
0
2.11888e-07
0
-0.190338
-0
-0.307622
-0
-0.307271
-0
-0.189687
-0
0
0
0.189252
0
0.305864
0
0.305512
0
0.188599
0
2.09471e-07
0
-0.188163
-0
-0.304101
-0
-0.303747
-0
-0.187508
-0
0
0
0.18707
0
0.302332
0
0.301978
0
0.186413
0
2.07039e-07
0
-0.185974
-0
-0.300558
-0
-0.300203
-0
-0.185316
-0
0
0
0.184876
0
0.298779
0
0.298422
0
0.184215
0
2.04593e-07
0
-0.183773
-0
-0.296994
-0
-0.296636
-0
-0.18311
-0
0
0
0.182667
0
0.295204
0
0.294845
0
0.182003
0
2.02131e-07
0
-0.181558
-0
-0.293408
-0
-0.293048
-0
-0.180892
-0
0
0
0.180446
0
0.291607
0
0.291246
0
0.179777
0
1.99655e-07
0
-0.17933
-0
-0.2898
-0
-0.289439
-0
-0.178659
-0
0
0
0.178211
0
0.287988
0
0.287625
0
0.177538
0
1.97164e-07
0
-0.177088
-0
-0.286171
-0
-0.285807
-0
-0.176413
-0
0
0
0.175962
0
0.284347
0
0.283982
0
0.175285
0
1.94657e-07
0
-0.174832
-0
-0.282519
-0
-0.282152
-0
-0.174153
-0
0
0
0.173699
0
0.280684
0
0.280316
0
0.173018
0
1.92135e-07
0
-0.172562
-0
-0.278844
-0
-0.278475
-0
-0.171879
-0
0
0
0.171422
0
0.276998
0
0.276628
0
0.170737
0
1.89597e-07
0
-0.170278
-0
-0.275146
-0
-0.274775
-0
-0.169591
-0
0
0
0.169131
0
0.273288
0
0.272916
0
0.168441
0
1.87042e-07
0
-0.16798
-0
-0.271424
-0
-0.271051
-0
-0.167288
-0
0
0
0.166826
0
0.269555
0
0.269181
0
0.166131
0
1.84472e-07
0
-0.165667
-0
-0.26768
-0
-0.267304
-0
-0.164971
-0
0
0
0.164505
0
0.265798
0
0.265421
0
0.163806
0
1.81886e-07
0
-0.163339
-0
-0.263911
-0
-0.263533
-0
-0.162639
-0
0
0
0.16217
0
0.262018
0
0.261638
0
0.161467
0
1.79282e-07
0
-0.160997
-0
-0.260118
-0
-0.259738
-0
-0.160292
-0
0
0
0.15982
0
0.258213
0
0.257831
0
0.159112
0
1.76662e-07
0
-0.158639
-0
-0.256301
-0
-0.255918
-0
-0.157929
-0
0
0
0.157455
0
0.254383
0
0.253999
0
0.156742
0
1.74025e-07
0
-0.156266
-0
-0.252459
-0
-0.252073
-0
-0.155552
-0
0
0
0.155074
0
0.250528
0
0.250141
0
0.154357
0
1.71371e-07
0
-0.153877
-0
-0.248591
-0
-0.248203
-0
-0.153158
-0
0
0
0.152677
0
0.246648
0
0.246259
0
0.151956
0
1.68699e-07
0
-0.151473
-0
-0.244699
-0
-0.244308
-0
-0.150749
-0
0
0
0.150265
0
0.242743
0
0.242351
0
0.149539
0
1.6601e-07
0
-0.149053
-0
-0.24078
-0
-0.240387
-0
-0.148324
-0
0
0
0.147837
0
0.238811
0
0.238416
0
0.147105
0
1.63303e-07
0
-0.146617
-0
-0.236835
-0
-0.236439
-0
-0.145883
-0
0
0
0.145392
0
0.234853
0
0.234456
0
0.144656
0
1.60577e-07
0
-0.144164
-0
-0.232864
-0
-0.232465
-0
-0.143425
-0
0
0
0.142931
0
0.230868
0
0.230468
0
0.14219
0
1.57833e-07
0
-0.141695
-0
-0.228866
-0
-0.228465
-0
-0.140951
-0
0
0
0.140454
0
0.226856
0
0.226454
0
0.139707
0
1.55071e-07
0
-0.139208
-0
-0.22484
-0
-0.224436
-0
-0.13846
-0
0
0
0.137959
0
0.222817
0
0.222412
0
0.137207
0
1.52289e-07
0
-0.136705
-0
-0.220787
-0
-0.220381
-0
-0.135951
-0
0
0
0.135447
0
0.21875
0
0.218342
0
0.134691
0
1.49489e-07
0
-0.134185
-0
-0.216706
-0
-0.216297
-0
-0.133426
-0
0
0
0.132918
0
0.214655
0
0.214244
0
0.132156
0
1.46668e-07
0
-0.131647
-0
-0.212597
-0
-0.212185
-0
-0.130882
-0
0
0
0.130371
0
0.210532
0
0.210118
0
0.129604
0
1.43829e-07
0
-0.129091
-0
-0.208459
-0
-0.208044
-0
-0.128321
-0
0
0
0.127807
0
0.206379
0
0.205962
0
0.127034
0
1.40969e-07
0
-0.126517
-0
-0.204292
-0
-0.203873
-0
-0.125742
-0
0
0
0.125224
0
0.202197
0
0.201777
0
0.124445
0
1.38089e-07
0
-0.123925
-0
-0.200095
-0
-0.199673
-0
-0.123145
-0
0
0
0.122623
0
0.197985
0
0.197562
0
0.121839
0
1.35188e-07
0
-0.121315
-0
-0.195868
-0
-0.195443
-0
-0.120528
-0
0
0
0.120003
0
0.193743
0
0.193317
0
0.119213
0
1.32266e-07
0
-0.118686
-0
-0.19161
-0
-0.191183
-0
-0.117893
-0
0
0
0.117364
0
0.18947
0
0.189041
0
0.116569
0
1.29323e-07
0
-0.116037
-0
-0.187322
-0
-0.186892
-0
-0.115239
-0
0
0
0.114706
0
0.185166
0
0.184734
0
0.113905
0
1.26359e-07
0
-0.113369
-0
-0.183002
-0
-0.182569
-0
-0.112566
-0
0
0
0.112028
0
0.180831
0
0.180395
0
0.111221
0
1.23373e-07
0
-0.110682
-0
-0.178651
-0
-0.178214
-0
-0.109872
-0
0
0
0.109331
0
0.176463
0
0.176025
0
0.108518
0
1.20365e-07
0
-0.107975
-0
-0.174267
-0
-0.173827
-0
-0.107159
-0
0
0
0.106614
0
0.172063
0
0.171621
0
0.105795
0
1.17334e-07
0
-0.105247
-0
-0.169851
-0
-0.169407
-0
-0.104425
-0
0
0
0.103876
0
0.16763
0
0.167185
0
0.103051
0
1.14281e-07
0
-0.102499
-0
-0.165401
-0
-0.164954
-0
-0.101671
-0
0
0
0.101118
0
0.163163
0
0.162715
0
0.100286
0
1.11205e-07
0
-0.0997304
-0
-0.160917
-0
-0.160467
-0
-0.0988959
-0
0
0
0.0983381
0
0.158663
0
0.158211
0
0.0975002
0
1.08105e-07
0
-0.0969403
-0
-0.1564
-0
-0.155946
-0
-0.0960994
-0
0
0
0.0955374
0
0.154128
0
0.153672
0
0.0946931
0
1.04981e-07
0
-0.0941289
-0
-0.151847
-0
-0.15139
-0
-0.0932814
-0
0
0
0.092715
0
0.149557
0
0.149099
0
0.0918641
0
1.01833e-07
0
-0.0912955
-0
-0.147259
-0
-0.146798
-0
-0.0904415
-0
0
0
0.0898707
0
0.144952
0
0.144489
0
0.0890131
0
9.866e-08
0
-0.0884401
-0
-0.142635
-0
-0.142171
-0
-0.0875793
-0
0
0
0.087004
0
0.14031
0
0.139843
0
0.0861397
0
9.54624e-08
0
-0.0855621
-0
-0.137975
-0
-0.137507
-0
-0.0846945
-0
0
0
0.0841147
0
0.135631
0
0.135161
0
0.0832435
0
9.22393e-08
0
-0.0826613
-0
-0.133278
-0
-0.132806
-0
-0.0817868
-0
0
0
0.0812023
0
0.130915
0
0.130441
0
0.0803241
0
8.89905e-08
0
-0.0797373
-0
-0.128543
-0
-0.128067
-0
-0.0788557
-0
0
0
0.0782665
0
0.126161
0
0.125683
0
0.0773812
0
8.57155e-08
0
-0.0767896
-0
-0.123769
-0
-0.12329
-0
-0.0759009
-0
0
0
0.0753069
0
0.121368
0
0.120887
0
0.0744144
0
8.24139e-08
0
-0.073818
-0
-0.118957
-0
-0.118474
-0
-0.072922
-0
0
0
0.0723231
0
0.116536
0
0.116051
0
0.0714233
0
7.90852e-08
0
-0.070822
-0
-0.114106
-0
-0.113618
-0
-0.0699186
-0
0
0
0.0693148
0
0.111665
0
0.111175
0
0.0684075
0
7.5729e-08
0
-0.0678012
-0
-0.109214
-0
-0.108722
-0
-0.0668903
-0
0
0
0.0662814
0
0.106753
0
0.106259
0
0.0653666
0
7.23448e-08
0
-0.0647552
-0
-0.104281
-0
-0.103786
-0
-0.0638366
-0
0
0
0.0632227
0
0.101799
0
0.101302
0
0.0623001
0
6.89322e-08
0
-0.0616836
-0
-0.099307
-0
-0.0988073
-0
-0.0607572
-0
0
0
0.0601381
0
0.0968041
0
0.0963023
0
0.0592077
0
6.54907e-08
0
-0.058586
-0
-0.0942906
-0
-0.0937867
-0
-0.0576517
-0
0
0
0.0570273
0
0.0917664
0
0.0912603
0
0.0560889
0
6.20198e-08
0
-0.0554618
-0
-0.0892313
-0
-0.088723
-0
-0.0545195
-0
0
0
0.0538897
0
0.0866853
0
0.0861748
0
0.0529432
0
5.85189e-08
0
-0.0523107
-0
-0.0841283
-0
-0.0836156
-0
-0.0513602
-0
0
0
0.0507249
0
0.0815602
0
0.0810452
0
0.0497702
0
5.49876e-08
0
-0.0491322
-0
-0.0789808
-0
-0.0784637
-0
-0.0481733
-0
0
0
0.0475325
0
0.0763902
0
0.0758707
0
0.0465694
0
5.14253e-08
0
-0.0459257
-0
-0.0737881
-0
-0.0732664
-0
-0.0449584
-0
0
0
0.0443119
0
0.0711746
0
0.0706505
0
0.0433402
0
4.78315e-08
0
-0.0426909
-0
-0.0685494
-0
-0.068023
-0
-0.0417149
-0
0
0
0.0410627
0
0.0659125
0
0.0653838
0
0.0400823
0
4.42056e-08
0
-0.0394271
-0
-0.0632638
-0
-0.0627327
-0
-0.0384424
-0
0
0
0.0377843
0
0.0606032
0
0.0600697
0
0.0367951
0
4.0547e-08
0
-0.036134
-0
-0.0579305
-0
-0.0573946
-0
-0.0351403
-0
0
0
0.0344762
0
0.0552457
0
0.0547073
0
0.0334779
0
3.68552e-08
0
-0.0328108
-0
-0.0525487
-0
-0.0520078
-0
-0.031808
-0
0
0
0.0311379
0
0.0498393
0
0.0492959
0
0.0301304
0
3.31295e-08
0
-0.0294572
-0
-0.0471173
-0
-0.0465715
-0
-0.0284451
-0
0
0
0.0277687
0
0.0443829
0
0.0438344
0
0.0267519
0
2.93693e-08
0
-0.0260724
-0
-0.0416356
-0
-0.0410847
-0
-0.0250509
-0
0
0
0.0243682
0
0.0388756
0
0.038322
0
0.0233419
0
2.5574e-08
0
-0.022656
-0
-0.0361026
-0
-0.0355464
-0
-0.0216249
-0
0
0
0.0209358
0
0.0333165
0
0.0327577
0
0.0198997
0
2.17428e-08
0
-0.0192073
-0
-0.0305172
-0
-0.0299558
-0
-0.0181664
-0
0
0
0.0174707
0
0.0277047
0
0.0271405
0
0.0164248
0
1.78752e-08
0
-0.0157258
-0
-0.0248786
-0
-0.0243118
-0
-0.0146749
-0
0
0
0.0139725
0
0.022039
0
0.0214694
0
0.0129165
0
1.39704e-08
0
-0.0122108
-0
-0.0191857
-0
-0.0186133
-0
-0.0111496
-0
0
0
0.0104405
0
0.0163185
0
0.0157434
0
0.00937416
0
1.00276e-08
0
-0.00866154
-0
-0.0134373
-0
-0.0128594
-0
-0.00759003
-0
0
0
0.00687392
0
0.010542
0
0.00996129
0
0.00579713
0
6.04624e-09
0
-0.0050775
-0
-0.00763251
-0
-0.00704889
-0
-0.0039954
-0
0
0
0.0032722
0
0.00470859
0
0.00412206
0
0.00218472
0
2.02543e-09
0
-0.00145793
-0
-0.00177012
-0
-0.00118067
-0
-0.00036503
-0
0
0
-0.000365394
0
-0.00118303
0
-0.00177544
0
-0.00146378
0
-2.03558e-09
0
0.00219787
-0
0.00415102
-0
0.00474641
-0
0.00330179
-0
