1000
8020
0
0
0.000365029
0
0.00118067
0
0.00177012
0
0.00145793
0
2.02543e-09
0
-0.00218472
-0
-0.00412206
-0
-0.00470859
-0
-0.00327221
-0
0
0
0.00399539
0
0.00704889
0
0.00763252
0
0.0050775
0
6.04624e-09
0
-0.00579712
-0
-0.00996128
-0
-0.0105421
-0
-0.00687393
-0
0
0
0.00759002
0
0.0128594
0
0.0134373
0
0.00866155
0
1.00276e-08
0
-0.00937415
-0
-0.0157434
-0
-0.0163185
-0
-0.0104405
-0
0
0
0.0111496
0
0.0186133
0
0.0191857
0
0.0122108
0
1.39704e-08
0
-0.0129165
-0
-0.0214694
-0
-0.022039
-0
-0.0139725
-0
0
0
0.0146748
0
0.0243118
0
0.0248786
0
0.0157258
0
1.78752e-08
0
-0.0164248
-0
-0.0271405
-0
-0.0277047
-0
-0.0174708
-0
0
0
0.0181664
0
0.0299558
0
0.0305173
0
0.0192074
0
2.17428e-08
0
-0.0198997
-0
-0.0327577
-0
-0.0333165
-0
-0.0209358
-0
0
0
0.0216248
0
0.0355464
0
0.0361026
0
0.0226561
0
2.5574e-08
0
-0.0233419
-0
-0.038322
-0
-0.0388756
-0
-0.0243683
-0
0
0
0.0250509
0
0.0410847
0
0.0416356
0
0.0260725
0
2.93693e-08
0
-0.0267519
-0
-0.0438344
-0
-0.0443829
-0
-0.0277688
-0
0
0
0.0284451
0
0.0465715
0
0.0471174
0
0.0294572
0
3.31295e-08
0
-0.0301304
-0
-0.0492959
-0
-0.0498393
-0
-0.0311379
-0
0
0
0.031808
0
0.0520078
0
0.0525487
0
0.0328109
0
3.68552e-08
0
-0.0334779
-0
-0.0547073
-0
-0.0552458
-0
-0.0344763
-0
0
0
0.0351402
0
0.0573946
0
0.0579306
0
0.036134
0
4.0547e-08
0
-0.036795
-0
-0.0600696
-0
-0.0606032
-0
-0.0377844
-0
0
0
0.0384423
0
0.0627327
0
0.0632639
0
0.0394272
0
4.42056e-08
0
-0.0400822
-0
-0.0653837
-0
-0.0659126
-0
-0.0410628
-0
0
0
0.0417149
0
0.068023
0
0.0685494
0
0.042691
0
4.78315e-08
0
-0.0433402
-0
-0.0706505
-0
-0.0711746
-0
-0.044312
-0
0
0
0.0449583
0
0.0732664
0
0.0737882
0
0.0459258
0
5.14253e-08
0
-0.0465693
-0
-0.0758707
-0
-0.0763902
-0
-0.0475326
-0
0
0
0.0481732
0
0.0784636
0
0.0789809
0
0.0491323
0
5.49876e-08
0
-0.0497701
-0
-0.0810452
-0
-0.0815602
-0
-0.050725
-0
0
0
0.0513601
0
0.0836156
0
0.0841283
0
0.0523108
0
5.85189e-08
0
-0.0529431
-0
-0.0861748
-0
-0.0866854
-0
-0.0538898
-0
0
0
0.0545194
0
0.088723
0
0.0892313
0
0.0554619
0
6.20198e-08
0
-0.0560888
-0
-0.0912602
-0
-0.0917664
-0
-0.0570274
-0
0
0
0.0576516
0
0.0937866
0
0.0942906
0
0.0585861
0
6.54907e-08
0
-0.0592076
-0
-0.0963023
-0
-0.0968042
-0
-0.0601382
-0
0
0
0.0607571
0
0.0988073
0
0.099307
0
0.0616837
0
6.89322e-08
0
-0.0623
-0
-0.101302
-0
-0.101799
-0
-0.0632228
-0
0
0
0.0638365
0
0.103786
0
0.104281
0
0.0647553
0
7.23448e-08
0
-0.0653665
-0
-0.106259
-0
-0.106753
-0
-0.0662816
-0
0
0
0.0668901
0
0.108722
0
0.109214
0
0.0678013
0
7.5729e-08
0
-0.0684074
-0
-0.111175
-0
-0.111665
-0
-0.0693149
-0
0
0
0.0699184
0
0.113618
0
0.114106
0
0.0708221
0
7.90852e-08
0
-0.0714232
-0
-0.116051
-0
-0.116536
-0
-0.0723233
-0
0
0
0.0729218
0
0.118474
0
0.118957
0
0.0738181
0
8.24139e-08
0
-0.0744143
-0
-0.120887
-0
-0.121368
-0
-0.075307
-0
0
0
0.0759007
0
0.12329
0
0.123769
0
0.0767898
0
8.57155e-08
0
-0.0773811
-0
-0.125683
-0
-0.126161
-0
-0.0782666
-0
0
0
0.0788555
0
0.128067
0
0.128543
0
0.0797374
0
8.89905e-08
0
-0.080324
-0
-0.130441
-0
-0.130915
-0
-0.0812024
-0
0
0
0.0817866
0
0.132806
0
0.133278
0
0.0826615
0
9.22393e-08
0
-0.0832433
-0
-0.135161
-0
-0.135631
-0
-0.0841148
-0
0
0
0.0846944
0
0.137507
0
0.137975
0
0.0855623
0
9.54624e-08
0
-0.0861395
-0
-0.139843
-0
-0.14031
-0
-0.0870042
-0
0
0
0.0875792
0
0.142171
0
0.142635
0
0.0884403
0
9.866e-08
0
-0.089013
-0
-0.144489
-0
-0.144952
-0
-0.0898709
-0
0
0
0.0904413
0
0.146798
0
0.147259
0
0.0912957
0
1.01833e-07
0
-0.091864
-0
-0.149098
-0
-0.149558
-0
-0.0927152
-0
0
0
0.0932813
0
0.15139
0
0.151847
0
0.094129
0
1.04981e-07
0
-0.0946929
-0
-0.153672
-0
-0.154128
-0
-0.0955376
-0
0
0
0.0960993
0
0.155946
0
0.1564
0
0.0969405
0
1.08105e-07
0
-0.0975001
-0
-0.158211
-0
-0.158663
-0
-0.0983383
-0
0
0
0.0988957
0
0.160467
0
0.160917
0
0.0997305
0
1.11205e-07
0
-0.100286
-0
-0.162715
-0
-0.163163
-0
-0.101118
-0
0
0
0.101671
0
0.164954
0
0.165401
0
0.102499
0
1.14281e-07
0
-0.10305
-0
-0.167185
-0
-0.16763
-0
-0.103876
-0
0
0
0.104425
0
0.169407
0
0.169851
0
0.105247
0
1.17334e-07
0
-0.105794
-0
-0.171621
-0
-0.172063
-0
-0.106614
-0
0
0
0.107159
0
0.173827
0
0.174267
0
0.107975
0
1.20365e-07
0
-0.108518
-0
-0.176025
-0
-0.176463
-0
-0.109331
-0
0
0
0.109872
0
0.178214
0
0.178651
0
0.110682
0
1.23373e-07
0
-0.111221
-0
-0.180395
-0
-0.180831
-0
-0.112028
-0
0
0
0.112565
0
0.182569
0
0.183002
0
0.11337
0
1.26359e-07
0
-0.113905
-0
-0.184734
-0
-0.185166
-0
-0.114706
-0
0
0
0.115239
0
0.186891
0
0.187322
0
0.116037
0
1.29323e-07
0
-0.116568
-0
-0.189041
-0
-0.18947
-0
-0.117364
-0
0
0
0.117893
0
0.191183
0
0.19161
0
0.118686
0
1.32266e-07
0
-0.119213
-0
-0.193317
-0
-0.193743
-0
-0.120003
-0
0
0
0.120528
0
0.195443
0
0.195868
0
0.121315
0
1.35188e-07
0
-0.121838
-0
-0.197562
-0
-0.197985
-0
-0.122623
-0
0
0
0.123144
0
0.199673
0
0.200095
0
0.123926
0
1.38089e-07
0
-0.124445
-0
-0.201777
-0
-0.202197
-0
-0.125224
-0
0
0
0.125742
0
0.203873
0
0.204292
0
0.126518
0
1.40969e-07
0
-0.127034
-0
-0.205962
-0
-0.206379
-0
-0.127807
-0
0
0
0.128321
0
0.208043
0
0.208459
0
0.129091
0
1.43829e-07
0
-0.129604
-0
-0.210118
-0
-0.210532
-0
-0.130372
-0
0
0
0.130882
0
0.212185
0
0.212597
0
0.131647
0
1.46668e-07
0
-0.132156
-0
-0.214244
-0
-0.214655
-0
-0.132918
-0
0
0
0.133425
0
0.216297
0
0.216706
0
0.134185
0
1.49489e-07
0
-0.13469
-0
-0.218342
-0
-0.218751
-0
-0.135448
-0
0
0
0.135951
0
0.220381
0
0.220787
0
0.136705
0
1.52289e-07
0
-0.137207
-0
-0.222412
-0
-0.222817
-0
-0.137959
-0
0
0
0.138459
0
0.224436
0
0.22484
0
0.139209
0
1.55071e-07
0
-0.139707
-0
-0.226454
-0
-0.226857
-0
-0.140454
-0
0
0
0.140951
0
0.228464
0
0.228866
0
0.141695
0
1.57833e-07
0
-0.14219
-0
-0.230468
-0
-0.230868
-0
-0.142932
-0
0
0
0.143425
0
0.232465
0
0.232864
0
0.144164
0
1.60577e-07
0
-0.144656
-0
-0.234456
-0
-0.234853
-0
-0.145393
-0
0
0
0.145883
0
0.236439
0
0.236835
0
0.146617
0
1.63303e-07
0
-0.147105
-0
-0.238416
-0
-0.238811
-0
-0.147837
-0
0
0
0.148324
0
0.240387
0
0.24078
0
0.149053
0
1.6601e-07
0
-0.149538
-0
-0.24235
-0
-0.242743
-0
-0.150265
-0
0
0
0.150749
0
0.244308
0
0.244699
0
0.151473
0
1.68699e-07
0
-0.151955
-0
-0.246259
-0
-0.246648
-0
-0.152678
-0
0
0
0.153158
0
0.248203
0
0.248591
0
0.153878
0
1.71371e-07
0
-0.154356
-0
-0.250141
-0
-0.250528
-0
-0.155074
-0
0
0
0.155551
0
0.252073
0
0.252459
0
0.156266
0
1.74025e-07
0
-0.156742
-0
-0.253999
-0
-0.254383
-0
-0.157455
-0
0
0
0.157929
0
0.255918
0
0.256301
0
0.158639
0
1.76662e-07
0
-0.159112
-0
-0.257831
-0
-0.258213
-0
-0.15982
-0
0
0
0.160291
0
0.259738
0
0.260118
0
0.160997
0
1.79282e-07
0
-0.161467
-0
-0.261638
-0
-0.262018
-0
-0.16217
-0
0
0
0.162638
0
0.263533
0
0.263911
0
0.16334
0
1.81886e-07
0
-0.163806
-0
-0.265421
-0
-0.265799
-0
-0.164506
-0
0
0
0.164971
0
0.267304
0
0.26768
0
0.165667
0
1.84472e-07
0
-0.166131
-0
-0.26918
-0
-0.269555
-0
-0.166826
-0
0
0
0.167288
0
0.271051
0
0.271425
0
0.16798
0
1.87042e-07
0
-0.168441
-0
-0.272916
-0
-0.273288
-0
-0.169132
-0
0
0
0.169591
0
0.274775
0
0.275146
0
0.170279
0
1.89597e-07
0
-0.170736
-0
-0.276628
-0
-0.276998
-0
-0.171423
-0
0
0
0.171879
0
0.278475
0
0.278844
0
0.172563
0
1.92135e-07
0
-0.173018
-0
-0.280316
-0
-0.280684
-0
-0.1737
-0
0
0
0.174153
0
0.282152
0
0.282519
0
0.174833
0
1.94657e-07
0
-0.175285
-0
-0.283982
-0
-0.284348
-0
-0.175962
-0
0
0
0.176413
0
0.285807
0
0.286171
0
0.177088
0
1.97164e-07
0
-0.177538
-0
-0.287625
-0
-0.287989
-0
-0.178211
-0
0
0
0.178659
0
0.289439
0
0.289801
0
0.17933
0
1.99655e-07
0
-0.179777
-0
-0.291246
-0
-0.291607
-0
-0.180446
-0
0
0
0.180891
0
0.293048
0
0.293408
0
0.181559
0
2.02131e-07
0
-0.182002
-0
-0.294845
-0
-0.295204
-0
-0.182668
-0
0
0
0.18311
0
0.296636
0
0.296994
0
0.183773
0
2.04593e-07
0
-0.184214
-0
-0.298422
-0
-0.298779
-0
-0.184876
-0
0
0
0.185316
0
0.300203
0
0.300558
0
0.185975
0
2.07039e-07
0
-0.186413
-0
-0.301978
-0
-0.302332
-0
-0.187071
-0
0
0
0.187508
0
0.303747
0
0.304101
0
0.188163
0
2.09471e-07
0
-0.188599
-0
-0.305512
-0
-0.305864
-0
-0.189252
-0
0
0
0.189687
0
0.307271
0
0.307622
0
0.190338
0
2.11888e-07
0
-0.190771
-0
-0.309025
-0
-0.309375
-0
-0.191421
-0
0
0
0.191853
0
0.310774
0
0.311123
0
0.1925
0
2.14291e-07
0
-0.192931
-0
-0.312517
-0
-0.312866
-0
-0.193577
-0
0
0
0.194006
0
0.314256
0
0.314603
0
0.19465
0
2.1668e-07
0
-0.195078
-0
-0.315989
-0
-0.316336
-0
-0.19572
-0
0
0
0.196147
0
0.317718
0
0.318063
0
0.196787
0
2.19055e-07
0
-0.197213
-0
-0.319441
-0
-0.319785
-0
-0.197851
-0
0
0
0.198275
0
0.321159
0
0.321503
0
0.198912
0
2.21416e-07
0
-0.199335
-0
-0.322873
-0
-0.323215
-0
-0.199969
-0
0
0
0.200391
0
0.324581
0
0.324922
0
0.201024
0
2.23763e-07
0
-0.201444
-0
-0.326285
-0
-0.326625
-0
-0.202076
-0
0
0
0.202495
0
0.327983
0
0.328322
0
0.203124
0
2.26097e-07
0
-0.203542
-0
-0.329677
-0
-0.330015
-0
-0.20417
-0
0
0
0.204587
0
0.331366
0
0.331703
0
0.205212
0
2.28418e-07
0
-0.205628
-0
-0.33305
-0
-0.333386
-0
-0.206252
-0
0
0
0.206667
0
0.334729
0
0.335064
0
0.207288
0
2.30725e-07
0
-0.207702
-0
-0.336403
-0
-0.336738
-0
-0.208322
-0
0
0
0.208735
0
0.338073
0
0.338407
0
0.209353
0
2.33019e-07
0
-0.209764
-0
-0.339738
-0
-0.340071
-0
-0.210381
-0
0
0
0.210791
0
0.341399
0
0.34173
0
0.211406
0
2.35301e-07
0
-0.211815
-0
-0.343054
-0
-0.343385
-0
-0.212428
-0
0
0
0.212836
0
0.344705
0
0.345035
0
0.213447
0
2.37569e-07
0
-0.213854
-0
-0.346352
-0
-0.346681
-0
-0.214464
-0
0
0
0.214869
0
0.347994
0
0.348322
0
0.215477
0
2.39826e-07
0
-0.215882
-0
-0.349631
-0
-0.349958
-0
-0.216488
-0
0
0
0.216891
0
0.351264
0
0.35159
0
0.217496
0
2.42069e-07
0
-0.217898
-0
-0.352892
-0
-0.353218
-0
-0.218502
-0
0
0
0.218903
0
0.354516
0
0.354841
0
0.219504
0
2.44301e-07
0
-0.219904
-0
-0.356136
-0
-0.356459
-0
-0.220504
-0
0
0
0.220903
0
0.357751
0
0.358073
0
0.221501
0
2.4652e-07
0
-0.221898
-0
-0.359361
-0
-0.359683
-0
-0.222495
-0
0
0
0.222892
0
0.360967
0
0.361288
0
0.223487
0
2.48727e-07
0
-0.223882
-0
-0.362569
-0
-0.362889
-0
-0.224476
-0
0
0
0.22487
0
0.364167
0
0.364486
0
0.225462
0
2.50922e-07
0
-0.225855
-0
-0.36576
-0
-0.366078
-0
-0.226446
-0
0
0
0.226838
0
0.367349
0
0.367666
0
0.227426
0
2.53105e-07
0
-0.227818
-0
-0.368934
-0
-0.36925
-0
-0.228405
-0
0
0
0.228795
0
0.370514
0
0.37083
0
0.22938
0
2.55277e-07
0
-0.22977
-0
-0.37209
-0
-0.372405
-0
-0.230354
-0
0
0
0.230742
0
0.373662
0
0.373976
0
0.231324
0
2.57437e-07
0
-0.231711
-0
-0.37523
-0
-0.375543
-0
-0.232292
-0
0
0
0.232678
0
0.376794
0
0.377106
0
0.233257
0
2.59586e-07
0
-0.233642
-0
-0.378353
-0
-0.378665
-0
-0.234221
-0
0
0
0.234605
0
0.379909
0
0.38022
0
0.235181
0
2.61723e-07
0
-0.235564
-0
-0.38146
-0
-0.38177
-0
-0.236139
-0
0
0
0.236521
0
0.383008
0
0.383317
0
0.237094
0
2.63849e-07
0
-0.237475
-0
-0.384551
-0
-0.384859
-0
-0.238047
-0
0
0
0.238427
0
0.38609
0
0.386398
0
0.238997
0
2.65964e-07
0
-0.239376
-0
-0.387625
-0
-0.387932
-0
-0.239945
-0
0
0
0.240323
0
0.389157
0
0.389463
0
0.24089
0
2.68068e-07
0
-0.241267
-0
-0.390684
-0
-0.390989
-0
-0.241833
-0
0
0
0.242209
0
0.392208
0
0.392512
0
0.242774
0
2.70162e-07
0
-0.243149
-0
-0.393727
-0
-0.394031
-0
-0.243712
-0
0
0
0.244086
0
0.395243
0
0.395545
0
0.244648
0
2.72244e-07
0
-0.245021
-0
-0.396754
-0
-0.397056
-0
-0.245581
-0
0
0
0.245953
0
0.398262
0
0.398563
0
0.246512
0
2.74316e-07
0
-0.246883
-0
-0.399766
-0
-0.400067
-0
-0.247441
-0
0
0
0.247811
0
0.401266
0
0.401566
0
0.248367
0
2.76378e-07
0
-0.248736
-0
-0.402763
-0
-0.403062
-0
-0.249291
-0
0
0
0.249659
0
0.404255
0
0.404553
0
0.250212
0
2.78429e-07
0
-0.25058
-0
-0.405744
-0
-0.406042
-0
-0.251132
-0
0
0
0.251498
0
0.407229
0
0.407526
0
0.252048
0
2.80469e-07
0
-0.252414
-0
-0.408711
-0
-0.409007
-0
-0.252963
-0
0
0
0.253328
0
0.410188
0
0.410484
0
0.253875
0
2.825e-07
0
-0.254239
-0
-0.411662
-0
-0.411957
-0
-0.254786
-0
0
0
0.255148
0
0.413133
0
0.413426
0
0.255693
0
2.8452e-07
0
-0.256055
-0
-0.414599
-0
-0.414892
-0
-0.256599
-0
0
0
0.25696
0
0.416062
0
0.416355
0
0.257502
0
2.86531e-07
0
-0.257862
-0
-0.417522
-0
-0.417813
-0
-0.258403
-0
0
0
0.258763
0
0.418978
0
0.419268
0
0.259302
0
2.88531e-07
0
-0.25966
-0
-0.42043
-0
-0.42072
-0
-0.260199
-0
0
0
0.260556
0
0.421879
0
0.422168
0
0.261093
0
2.90522e-07
0
-0.26145
-0
-0.423324
-0
-0.423613
-0
-0.261986
-0
0
0
0.262341
0
0.424765
0
0.425053
0
0.262875
0
2.92503e-07
0
-0.26323
-0
-0.426203
-0
-0.426491
-0
-0.263764
-0
0
0
0.264118
0
0.427638
0
0.427925
0
0.264649
0
2.94474e-07
0
-0.265002
-0
-0.429069
-0
-0.429355
-0
-0.265533
-0
0
0
0.265885
0
0.430497
0
0.430782
0
0.266414
0
2.96436e-07
0
-0.266766
-0
-0.431921
-0
-0.432206
-0
-0.267294
-0
0
0
0.267645
0
0.433342
0
0.433626
0
0.268171
0
2.98388e-07
0
-0.268521
-0
-0.434759
-0
-0.435043
-0
-0.269046
-0
0
0
0.269395
0
0.436174
0
0.436456
0
0.269919
0
3.00331e-07
0
-0.270267
-0
-0.437584
-0
-0.437866
-0
-0.270791
-0
0
0
0.271138
0
0.438992
0
0.439273
0
0.271659
0
3.02265e-07
0
-0.272006
-0
-0.440395
-0
-0.440676
-0
-0.272526
-0
0
0
0.272872
0
0.441796
0
0.442076
0
0.273391
0
3.0419e-07
0
-0.273736
-0
-0.443193
-0
-0.443473
-0
-0.274254
-0
0
0
0.274598
0
0.444587
0
0.444866
0
0.275114
0
3.06105e-07
0
-0.275458
-0
-0.445978
-0
-0.446256
-0
-0.275973
-0
0
0
0.276316
0
0.447366
0
0.447643
0
0.27683
0
3.08012e-07
0
-0.277171
-0
-0.44875
-0
-0.449027
-0
-0.277685
-0
0
0
0.278026
0
0.450131
0
0.450407
0
0.278537
0
3.0991e-07
0
-0.278877
-0
-0.451509
-0
-0.451784
-0
-0.279388
-0
0
0
0.279727
0
0.452883
0
0.453158
0
0.280237
0
3.11798e-07
0
-0.280575
-0
-0.454254
-0
-0.454529
-0
-0.281084
-0
0
0
0.281421
0
0.455623
0
0.455896
0
0.281928
0
3.13678e-07
0
-0.282265
-0
-0.456988
-0
-0.457261
-0
-0.282771
-0
0
0
0.283107
0
0.45835
0
0.458622
0
0.283612
0
3.1555e-07
0
-0.283947
-0
-0.459708
-0
-0.45998
-0
-0.284451
-0
0
0
0.284786
0
0.461064
0
0.461335
0
0.285288
0
3.17413e-07
0
-0.285622
-0
-0.462417
-0
-0.462687
-0
-0.286124
-0
0
0
0.286457
0
0.463766
0
0.464036
0
0.286957
0
3.19267e-07
0
-0.287289
-0
-0.465112
-0
-0.465382
-0
-0.287788
-0
0
0
0.28812
0
0.466456
0
0.466724
0
0.288617
0
3.21113e-07
0
-0.288948
-0
-0.467796
-0
-0.468064
-0
-0.289445
-0
0
0
0.289775
0
0.469133
0
0.4694
0
0.290271
0
3.22951e-07
0
-0.2906
-0
-0.470467
-0
-0.470734
-0
-0.291095
-0
0
0
0.291423
0
0.471799
0
0.472065
0
0.291916
0
3.2478e-07
0
-0.292244
-0
-0.473127
-0
-0.473392
-0
-0.292737
-0
0
0
0.293064
0
0.474452
0
0.474717
0
0.293555
0
3.26601e-07
0
-0.293881
-0
-0.475774
-0
-0.476039
-0
-0.294372
-0
0
0
0.294697
0
0.477094
0
0.477357
0
0.295186
0
3.28414e-07
0
-0.295511
-0
-0.47841
-0
-0.478673
-0
-0.295999
-0
0
0
0.296323
0
0.479724
0
0.479986
0
0.29681
0
3.30219e-07
0
-0.297133
-0
-0.481034
-0
-0.481296
-0
-0.297619
-0
0
0
0.297942
0
0.482342
0
0.482603
0
0.298427
0
3.32016e-07
0
-0.298749
-0
-0.483646
-0
-0.483907
-0
-0.299233
-0
0
0
0.299554
0
0.484948
0
0.485209
0
0.300036
0
3.33805e-07
0
-0.300357
-0
-0.486247
-0
-0.486507
-0
-0.300839
-0
0
0
0.301158
0
0.487544
0
0.487803
0
0.301639
0
3.35586e-07
0
-0.301958
-0
-0.488837
-0
-0.489096
-0
-0.302438
-0
0
0
0.302756
0
0.490128
0
0.490385
0
0.303234
0
3.37359e-07
0
-0.303552
-0
-0.491415
-0
-0.491673
-0
-0.30403
-0
0
0
0.304347
0
0.4927
0
0.492957
0
0.304823
0
3.39125e-07
0
-0.305139
-0
-0.493982
-0
-0.494239
-0
-0.305615
-0
0
0
0.30593
0
0.495262
0
0.495517
0
0.306405
0
3.40883e-07
0
-0.306719
-0
-0.496538
-0
-0.496793
-0
-0.307193
-0
0
0
0.307507
0
0.497812
0
0.498066
0
0.307979
0
3.42633e-07
0
-0.308293
-0
-0.499083
-0
-0.499337
-0
-0.308765
-0
0
0
0.309077
0
0.500351
0
0.500605
0
0.309547
0
3.44376e-07
0
-0.30986
-0
-0.501617
-0
-0.50187
-0
-0.310329
-0
0
0
0.310641
0
0.50288
0
0.503132
0
0.311109
0
3.46112e-07
0
-0.31142
-0
-0.50414
-0
-0.504392
-0
-0.311887
-0
0
0
0.312198
0
0.505398
0
0.505649
0
0.312664
0
3.4784e-07
0
-0.312973
-0
-0.506653
-0
-0.506903
-0
-0.313439
-0
0
0
0.313748
0
0.507905
0
0.508155
0
0.314212
0
3.4956e-07
0
-0.31452
-0
-0.509154
-0
-0.509404
-0
-0.314984
-0
0
0
0.315291
0
0.510401
0
0.510651
0
0.315753
0
3.51274e-07
0
-0.31606
-0
-0.511646
-0
-0.511894
-0
-0.316522
-0
0
0
0.316828
0
0.512887
0
0.513136
0
0.317289
0
3.5298e-07
0
-0.317594
-0
-0.514126
-0
-0.514374
-0
-0.318054
-0
0
0
0.318359
0
0.515363
0
0.51561
0
0.318817
0
3.54679e-07
0
-0.319122
-0
-0.516597
-0
-0.516844
-0
-0.31958
-0
0
0
0.319883
0
0.517828
0
0.518074
0
0.32034
0
3.56371e-07
0
-0.320643
-0
-0.519057
-0
-0.519303
-0
-0.321099
-0
0
0
0.321401
0
0.520283
0
0.520528
0
0.321856
0
3.58056e-07
0
-0.322158
-0
-0.521507
-0
-0.521752
-0
-0.322612
-0
0
0
0.322913
0
0.522728
0
0.522972
0
0.323365
0
3.59735e-07
0
-0.323666
-0
-0.523947
-0
-0.52419
-0
-0.324118
-0
0
0
0.324418
0
0.525163
0
0.525406
0
0.324869
0
3.61406e-07
0
-0.325168
-0
-0.526376
-0
-0.526619
-0
-0.325619
-0
0
0
0.325918
0
0.527588
0
0.52783
0
0.326366
0
3.6307e-07
0
-0.326665
-0
-0.528796
-0
-0.529038
-0
-0.327113
-0
0
0
0.327411
0
0.530003
0
0.530244
0
0.327858
0
3.64728e-07
0
-0.328155
-0
-0.531206
-0
-0.531447
-0
-0.328601
-0
0
0
0.328898
0
0.532408
0
0.532648
0
0.329343
0
3.66378e-07
0
-0.329639
-0
-0.533606
-0
-0.533846
-0
-0.330084
-0
0
0
0.330379
0
0.534803
0
0.535042
0
0.330822
0
3.68023e-07
0
-0.331117
-0
-0.535997
-0
-0.536236
-0
-0.33156
-0
0
0
0.331854
0
0.537189
0
0.537427
0
0.332295
0
3.6966e-07
0
-0.332589
-0
-0.538378
-0
-0.538616
-0
-0.33303
-0
0
0
0.333323
0
0.539565
0
0.539802
0
0.333763
0
3.71291e-07
0
-0.334055
-0
-0.540749
-0
-0.540986
-0
-0.334494
-0
0
0
0.334786
0
0.541931
0
0.542168
0
0.335224
0
3.72915e-07
0
-0.335515
-0
-0.543111
-0
-0.543347
-0
-0.335953
-0
0
0
0.336243
0
0.544288
0
0.544524
0
0.33668
0
3.74533e-07
0
-0.336969
-0
-0.545463
-0
-0.545698
-0
-0.337406
-0
0
0
0.337695
0
0.546636
0
0.54687
0
0.338129
0
3.76145e-07
0
-0.338418
-0
-0.547806
-0
-0.548041
-0
-0.338853
-0
0
0
0.339141
0
0.548975
0
0.549208
0
0.339574
0
3.7775e-07
0
-0.339861
-0
-0.55014
-0
-0.550373
-0
-0.340294
-0
0
0
0.340581
0
0.551304
0
0.551536
0
0.341012
0
3.79349e-07
0
-0.341298
-0
-0.552465
-0
-0.552697
-0
-0.341729
-0
0
0
0.342015
0
0.553624
0
0.553855
0
0.342445
0
3.80941e-07
0
-0.34273
-0
-0.55478
-0
-0.555012
-0
-0.343159
-0
0
0
0.343444
0
0.555935
0
0.556166
0
0.343872
0
3.82528e-07
0
-0.344156
-0
-0.557087
-0
-0.557317
-0
-0.344584
-0
0
0
0.344867
0
0.558237
0
0.558467
0
0.345294
0
3.84108e-07
0
-0.345577
-0
-0.559384
-0
-0.559614
-0
-0.346003
-0
0
0
0.346285
0
0.56053
0
0.560759
0
0.34671
0
3.85682e-07
0
-0.346992
-0
-0.561673
-0
-0.561902
-0
-0.347416
-0
0
0
0.347697
0
0.562814
0
0.563042
0
0.34812
0
3.8725e-07
0
-0.348401
-0
-0.563953
-0
-0.564181
-0
-0.348824
-0
0
0
0.349104
0
0.56509
0
0.565317
0
0.349525
0
3.88812e-07
0
-0.349805
-0
-0.566224
-0
-0.566451
-0
-0.350226
-0
0
0
0.350506
0
0.567356
0
0.567583
0
0.350925
0
3.90368e-07
0
-0.351204
-0
-0.568486
-0
-0.568712
-0
-0.351623
-0
0
0
0.351902
0
0.569614
0
0.56984
0
0.35232
0
3.91918e-07
0
-0.352597
-0
-0.57074
-0
-0.570965
-0
-0.353015
-0
0
0
0.353292
0
0.571864
0
0.572088
0
0.353709
0
3.93462e-07
0
-0.353985
-0
-0.572985
-0
-0.57321
-0
-0.354402
-0
0
0
0.354678
0
0.574105
0
0.574328
0
0.355093
0
3.95e-07
0
-0.355368
-0
-0.575222
-0
-0.575445
-0
-0.355783
-0
0
0
0.356058
0
0.576337
0
0.57656
0
0.356472
0
3.96532e-07
0
-0.356746
-0
-0.57745
-0
-0.577673
-0
-0.357159
-0
0
0
0.357433
0
0.578561
0
0.578783
0
0.357845
0
3.98059e-07
0
-0.358118
-0
-0.57967
-0
-0.579892
-0
-0.35853
-0
0
0
0.358803
0
0.580777
0
0.580998
0
0.359213
0
3.9958e-07
0
-0.359486
-0
-0.581881
-0
-0.582102
-0
-0.359896
-0
0
0
0.360168
0
0.582984
0
0.583205
0
0.360577
0
4.01095e-07
0
-0.360848
-0
-0.584085
-0
-0.584305
-0
-0.361257
-0
0
0
0.361528
0
0.585183
0
0.585403
0
0.361935
0
4.02605e-07
0
-0.362205
-0
-0.58628
-0
-0.586499
-0
-0.362612
-0
0
0
0.362882
0
0.587374
0
0.587593
0
0.363288
0
4.04109e-07
0
-0.363557
-0
-0.588467
-0
-0.588685
-0
-0.363963
-0
0
0
0.364232
0
0.589557
0
0.589775
0
0.364636
0
4.05608e-07
0
-0.364904
-0
-0.590646
-0
-0.590864
-0
-0.365309
-0
0
0
0.365576
0
0.591732
0
0.59195
0
0.365979
0
4.07101e-07
0
-0.366247
-0
-0.592817
-0
-0.593034
-0
-0.366649
-0
0
0
0.366916
0
0.593899
0
0.594116
0
0.367317
0
4.08588e-07
0
-0.367584
-0
-0.59498
-0
-0.595196
-0
-0.367985
-0
0
0
0.368251
0
0.596058
0
0.596274
0
0.368651
0
4.1007e-07
0
-0.368916
-0
-0.597135
-0
-0.59735
-0
-0.369316
-0
0
0
0.369581
0
0.598209
0
0.598424
0
0.369979
0
4.11547e-07
0
-0.370244
-0
-0.599282
-0
-0.599497
-0
-0.370642
-0
0
0
0.370906
0
0.600353
0
0.600567
0
0.371303
0
4.13018e-07
0
-0.371567
-0
-0.601421
-0
-0.601635
-0
-0.371964
-0
0
0
0.372227
0
0.602488
0
0.602702
0
0.372622
0
4.14484e-07
0
-0.372885
-0
-0.603553
-0
-0.603766
-0
-0.37328
-0
0
0
0.373542
0
0.604616
0
0.604829
0
0.373936
0
4.15945e-07
0
-0.374198
-0
-0.605677
-0
-0.60589
-0
-0.374592
-0
0
0
0.374853
0
0.606737
0
0.606948
0
0.375246
0
4.17401e-07
0
-0.375506
-0
-0.607794
-0
-0.608005
-0
-0.375899
-0
0
0
0.376159
0
0.608849
0
0.60906
0
0.37655
0
4.18851e-07
0
-0.37681
-0
-0.609903
-0
-0.610114
-0
-0.377201
-0
0
0
0.377461
0
0.610955
0
0.611165
0
0.377851
0
4.20296e-07
0
-0.378109
-0
-0.612004
-0
-0.612214
-0
-0.378499
-0
0
0
0.378758
0
0.613052
0
0.613262
0
0.379146
0
4.21736e-07
0
-0.379404
-0
-0.614098
-0
-0.614308
-0
-0.379793
-0
0
0
0.38005
0
0.615143
0
0.615351
0
0.380437
0
4.23171e-07
0
-0.380694
-0
-0.616185
-0
-0.616393
-0
-0.381081
-0
0
0
0.381338
0
0.617225
0
0.617433
0
0.381724
0
4.24601e-07
0
-0.38198
-0
-0.618264
-0
-0.618472
-0
-0.382365
-0
0
0
0.382621
0
0.619301
0
0.619508
0
0.383005
0
4.26026e-07
0
-0.383261
-0
-0.620336
-0
-0.620543
-0
-0.383645
-0
0
0
0.3839
0
0.621369
0
0.621576
0
0.384283
0
4.27446e-07
0
-0.384537
-0
-0.622401
-0
-0.622607
-0
-0.38492
-0
0
0
0.385174
0
0.623431
0
0.623636
0
0.385556
0
4.28861e-07
0
-0.385809
-0
-0.624458
-0
-0.624664
-0
-0.386191
-0
0
0
0.386444
0
0.625485
0
0.62569
0
0.386824
0
4.30271e-07
0
-0.387077
-0
-0.626509
-0
-0.626714
-0
-0.387457
-0
0
0
0.387709
0
0.627531
0
0.627736
0
0.388089
0
4.31676e-07
0
-0.38834
-0
-0.628552
-0
-0.628756
-0
-0.388719
-0
0
0
0.38897
0
0.629571
0
0.629775
0
0.389348
0
4.33077e-07
0
-0.389599
-0
-0.630588
-0
-0.630792
-0
-0.389977
-0
0
0
0.390227
0
0.631604
0
0.631807
0
0.390604
0
4.34472e-07
0
-0.390854
-0
-0.632618
-0
-0.63282
-0
-0.39123
-0
0
0
0.39148
0
0.63363
0
0.633832
0
0.391855
0
4.35863e-07
0
-0.392104
-0
-0.63464
-0
-0.634842
-0
-0.392479
-0
0
0
0.392728
0
0.635649
0
0.63585
0
0.393102
0
4.37249e-07
0
-0.39335
-0
-0.636655
-0
-0.636857
-0
-0.393724
-0
0
0
0.393972
0
0.637661
0
0.637862
0
0.394344
0
4.3863e-07
0
-0.394592
-0
-0.638664
-0
-0.638865
-0
-0.394965
-0
0
0
0.395211
0
0.639666
0
0.639866
0
0.395583
0
4.40007e-07
0
-0.395829
-0
-0.640666
-0
-0.640866
-0
-0.396201
-0
0
0
0.396447
0
0.641664
0
0.641864
0
0.396817
0
4.41379e-07
0
-0.397063
-0
-0.642661
-0
-0.64286
-0
-0.397433
-0
0
0
0.397678
0
0.643656
0
0.643855
0
0.398047
0
4.42746e-07
0
-0.398292
-0
-0.644649
-0
-0.644848
-0
-0.398661
-0
0
0
0.398905
0
0.645641
0
0.645839
0
0.399273
0
4.44109e-07
0
-0.399517
-0
-0.646631
-0
-0.646829
-0
-0.399885
-0
0
0
0.400129
0
0.647619
0
0.647817
0
0.400495
0
4.45467e-07
0
-0.400738
-0
-0.648606
-0
-0.648803
-0
-0.401105
-0
0
0
0.401347
0
0.649591
0
0.649788
0
0.401713
0
4.46821e-07
0
-0.401955
-0
-0.650574
-0
-0.650771
-0
-0.402321
-0
0
0
0.402562
0
0.651556
0
0.651752
0
0.402927
0
4.4817e-07
0
-0.403168
-0
-0.652536
-0
-0.652732
-0
-0.403532
-0
0
0
0.403773
0
0.653515
0
0.65371
0
0.404136
0
4.49515e-07
0
-0.404377
-0
-0.654491
-0
-0.654687
-0
-0.40474
-0
0
0
0.40498
0
0.655467
0
0.655662
0
0.405342
0
4.50855e-07
0
-0.405582
-0
-0.65644
-0
-0.656635
-0
-0.405944
-0
0
0
0.406183
0
0.657413
0
0.657607
0
0.406544
0
4.52191e-07
0
-0.406783
-0
-0.658383
-0
-0.658577
-0
-0.407143
-0
0
0
0.407382
0
0.659352
0
0.659546
0
0.407741
0
4.53522e-07
0
-0.40798
-0
-0.660319
-0
-0.660513
-0
-0.408339
-0
0
0
0.408577
0
0.661285
0
0.661478
0
0.408935
0
4.54849e-07
0
-0.409173
-0
-0.662249
-0
-0.662442
-0
-0.409531
-0
0
0
0.409768
0
0.663212
0
0.663404
0
0.410125
0
4.56172e-07
0
-0.410362
-0
-0.664173
-0
-0.664365
-0
-0.410719
-0
0
0
0.410956
0
0.665132
0
0.665324
0
0.411312
0
4.57491e-07
0
-0.411548
-0
-0.66609
-0
-0.666282
-0
-0.411904
-0
0
0
0.412139
0
0.667046
0
0.667238
0
0.412494
0
4.58805e-07
0
-0.412729
-0
-0.668001
-0
-0.668192
-0
-0.413084
-0
0
0
0.413319
0
0.668954
0
0.669145
0
0.413672
0
4.60115e-07
0
-0.413907
-0
-0.669906
-0
-0.670097
-0
-0.414261
-0
0
0
0.414495
0
0.670856
0
0.671046
0
0.414847
0
4.61421e-07
0
-0.415081
-0
-0.671805
-0
-0.671995
-0
-0.415433
-0
0
0
0.415667
0
0.672752
0
0.672942
0
0.416018
0
4.62722e-07
0
-0.416251
-0
-0.673698
-0
-0.673887
-0
-0.416602
-0
0
0
0.416835
0
0.674642
0
0.674831
0
0.417185
0
4.6402e-07
0
-0.417417
-0
-0.675584
-0
-0.675773
-0
-0.417768
-0
0
0
0.418
0
0.676526
0
0.676714
0
0.418349
0
4.65313e-07
0
-0.41858
-0
-0.677465
-0
-0.677653
-0
-0.418929
-0
0
0
0.41916
0
0.678403
0
0.678591
0
0.419508
0
4.66602e-07
0
-0.419739
-0
-0.67934
-0
-0.679527
-0
-0.420087
-0
0
0
0.420318
0
0.680275
0
0.680462
0
0.420664
0
4.67887e-07
0
-0.420894
-0
-0.681209
-0
-0.681396
-0
-0.421242
-0
0
0
0.421471
0
0.682141
0
0.682327
0
0.421817
0
4.69168e-07
0
-0.422046
-0
-0.683072
-0
-0.683258
-0
-0.422392
-0
0
0
0.422621
0
0.684001
0
0.684187
0
0.422966
0
4.70445e-07
0
-0.423194
-0
-0.684929
-0
-0.685115
-0
-0.423539
-0
0
0
0.423767
0
0.685855
0
0.68604
0
0.424111
0
4.71718e-07
0
-0.424339
-0
-0.68678
-0
-0.686965
-0
-0.424683
-0
0
0
0.42491
0
0.687704
0
0.687888
0
0.425253
0
4.72987e-07
0
-0.42548
-0
-0.688626
-0
-0.68881
-0
-0.425822
-0
0
0
0.426049
0
0.689546
0
0.68973
0
0.426391
0
4.74253e-07
0
-0.426617
-0
-0.690465
-0
-0.690649
-0
-0.426959
-0
0
0
0.427185
0
0.691383
0
0.691567
0
0.427525
0
4.75514e-07
0
-0.427751
-0
-0.692299
-0
-0.692483
-0
-0.428092
-0
0
0
0.428317
0
0.693214
0
0.693397
0
0.428656
0
4.76771e-07
0
-0.428881
-0
-0.694128
-0
-0.694311
-0
-0.429221
-0
0
0
0.429446
0
0.69504
0
0.695222
0
0.429784
0
4.78024e-07
0
-0.430008
-0
-0.69595
-0
-0.696133
-0
-0.430347
-0
0
0
0.430571
0
0.69686
0
0.697042
0
0.430908
0
4.79274e-07
0
-0.431132
-0
-0.697767
-0
-0.697949
-0
-0.431469
-0
0
0
0.431692
0
0.698674
0
0.698855
0
0.432029
0
4.8052e-07
0
-0.432251
-0
-0.699579
-0
-0.69976
-0
-0.432588
-0
0
0
0.432811
0
0.700483
0
0.700664
0
0.433146
0
4.81762e-07
0
-0.433368
-0
-0.701385
-0
-0.701566
-0
-0.433703
-0
0
0
0.433925
0
0.702286
0
0.702466
0
0.43426
0
4.83e-07
0
-0.434481
-0
-0.703186
-0
-0.703366
-0
-0.434816
-0
0
0
0.435037
0
0.704084
0
0.704263
0
0.43537
0
4.84234e-07
0
-0.435591
-0
-0.704981
-0
-0.70516
-0
-0.435924
-0
0
0
0.436145
0
0.705876
0
0.706055
0
0.436477
0
4.85465e-07
0
-0.436697
-0
-0.70677
-0
-0.706949
-0
-0.43703
-0
0
0
0.437249
0
0.707663
0
0.707842
0
0.437581
0
4.86691e-07
0
-0.4378
-0
-0.708554
-0
-0.708733
-0
-0.438132
-0
0
0
0.438351
0
0.709445
0
0.709623
0
0.438681
0
4.87915e-07
0
-0.4389
-0
-0.710333
-0
-0.710511
-0
-0.43923
-0
0
0
0.439449
0
0.711221
0
0.711398
0
0.439778
0
4.89134e-07
0
-0.439996
-0
-0.712107
-0
-0.712284
-0
-0.440326
-0
0
0
0.440544
0
0.712992
0
0.713168
0
0.440872
0
4.9035e-07
0
-0.441089
-0
-0.713875
-0
-0.714052
-0
-0.441418
-0
0
0
0.441635
0
0.714757
0
0.714933
0
0.441962
0
4.91562e-07
0
-0.442179
-0
-0.715638
-0
-0.715814
-0
-0.442507
-0
0
0
0.442723
0
0.716517
0
0.716693
0
0.44305
0
4.92771e-07
0
-0.443266
-0
-0.717395
-0
-0.717571
-0
-0.443592
-0
0
0
0.443808
0
0.718272
0
0.718448
0
0.444134
0
4.93976e-07
0
-0.444349
-0
-0.719148
-0
-0.719323
-0
-0.444675
-0
0
0
0.44489
0
0.720022
0
0.720197
0
0.445214
0
4.95177e-07
0
-0.445429
-0
-0.720895
-0
-0.72107
-0
-0.445754
-0
0
0
0.445969
0
0.721767
0
0.721941
0
0.446292
0
4.96375e-07
0
-0.446506
-0
-0.722637
-0
-0.722812
-0
-0.44683
-0
0
0
0.447044
0
0.723506
0
0.72368
0
0.447367
0
4.9757e-07
0
-0.44758
-0
-0.724374
-0
-0.724548
-0
-0.447903
-0
0
0
0.448116
0
0.725241
0
0.725414
0
0.448438
0
4.98761e-07
0
-0.448651
-0
-0.726106
-0
-0.726279
-0
-0.448973
-0
0
0
0.449186
0
0.72697
0
0.727143
0
0.449506
0
4.99948e-07
0
-0.449719
-0
-0.727833
-0
-0.728006
-0
-0.450039
-0
0
0
0.450252
0
0.728695
0
0.728867
0
0.450571
0
5.01132e-07
0
-0.450783
-0
-0.729555
-0
-0.729727
-0
-0.451103
-0
0
0
0.451314
0
0.730414
0
0.730586
0
0.451633
0
5.02313e-07
0
-0.451844
-0
-0.731272
-0
-0.731443
-0
-0.452163
-0
0
0
0.452374
0
0.732128
0
0.7323
0
0.452692
0
5.0349e-07
0
-0.452903
-0
-0.732983
-0
-0.733155
-0
-0.453221
-0
0
0
0.453431
0
0.733838
0
0.734008
0
0.453748
0
5.04663e-07
0
-0.453958
-0
-0.73469
-0
-0.734861
-0
-0.454275
-0
0
0
0.454485
0
0.735542
0
0.735712
0
0.454801
0
5.05834e-07
0
-0.45501
-0
-0.736392
-0
-0.736563
-0
-0.455326
-0
0
0
0.455535
0
0.737242
0
0.737411
0
0.45585
0
5.07001e-07
0
-0.456059
-0
-0.738089
-0
-0.738259
-0
-0.456375
-0
0
0
0.456583
0
0.738936
0
0.739106
0
0.456897
0
5.08164e-07
0
-0.457105
-0
-0.739782
-0
-0.739951
-0
-0.45742
-0
0
0
0.457628
0
0.740626
0
0.740795
0
0.457941
0
5.09324e-07
0
-0.458149
-0
-0.741469
-0
-0.741638
-0
-0.458462
-0
0
0
0.458669
0
0.742311
0
0.742479
0
0.458982
0
5.10481e-07
0
-0.459189
-0
-0.743152
-0
-0.74332
-0
-0.459501
-0
0
0
0.459708
0
0.743991
0
0.744159
0
0.46002
0
5.11635e-07
0
-0.460226
-0
-0.744829
-0
-0.744997
-0
-0.460538
-0
0
0
0.460744
0
0.745667
0
0.745834
0
0.461054
0
5.12786e-07
0
-0.46126
-0
-0.746502
-0
-0.74667
-0
-0.461571
-0
0
0
0.461777
0
0.747337
0
0.747504
0
0.462086
0
5.13933e-07
0
-0.462292
-0
-0.748171
-0
-0.748338
-0
-0.462602
-0
0
0
0.462807
0
0.749003
0
0.74917
0
0.463115
0
5.15077e-07
0
-0.46332
-0
-0.749834
-0
-0.750001
-0
-0.463629
-0
0
0
0.463834
0
0.750665
0
0.750831
0
0.464142
0
5.16217e-07
0
-0.464346
-0
-0.751493
-0
-0.751659
-0
-0.464654
-0
0
0
0.464858
0
0.752321
0
0.752487
0
0.465165
0
5.17355e-07
0
-0.465368
-0
-0.753148
-0
-0.753313
-0
-0.465676
-0
0
0
0.465879
0
0.753973
0
0.754138
0
0.466185
0
5.18489e-07
0
-0.466388
-0
-0.754797
-0
-0.754963
-0
-0.466695
-0
0
0
0.466898
0
0.755621
0
0.755785
0
0.467203
0
5.1962e-07
0
-0.467405
-0
-0.756443
-0
-0.756607
-0
-0.467711
-0
0
0
0.467913
0
0.757264
0
0.757428
0
0.468218
0
5.20749e-07
0
-0.468419
-0
-0.758083
-0
-0.758247
-0
-0.468724
-0
0
0
0.468926
0
0.758902
0
0.759066
0
0.46923
0
5.21873e-07
0
-0.469431
-0
-0.759719
-0
-0.759883
-0
-0.469735
-0
0
0
0.469936
0
0.760536
0
0.760699
0
0.470239
0
5.22995e-07
0
-0.470439
-0
-0.761351
-0
-0.761514
-0
-0.470743
-0
0
0
0.470943
0
0.762165
0
0.762328
0
0.471245
0
5.24114e-07
0
-0.471445
-0
-0.762978
-0
-0.76314
-0
-0.471748
-0
0
0
0.471948
0
0.76379
0
0.763952
0
0.472249
0
5.2523e-07
0
-0.472448
-0
-0.7646
-0
-0.764763
-0
-0.47275
-0
0
0
0.472949
0
0.76541
0
0.765572
0
0.47325
0
5.26342e-07
0
-0.473449
-0
-0.766218
-0
-0.76638
-0
-0.473749
-0
0
0
0.473948
0
0.767026
0
0.767187
0
0.474248
0
5.27452e-07
0
-0.474446
-0
-0.767832
-0
-0.767993
-0
-0.474746
-0
0
0
0.474944
0
0.768637
0
0.768798
0
0.475243
0
5.28558e-07
0
-0.475441
-0
-0.769441
-0
-0.769602
-0
-0.47574
-0
0
0
0.475938
0
0.770244
0
0.770405
0
0.476236
0
5.29662e-07
0
-0.476433
-0
-0.771046
-0
-0.771207
-0
-0.476732
-0
0
0
0.476929
0
0.771847
0
0.772007
0
0.477226
0
5.30762e-07
0
-0.477423
-0
-0.772647
-0
-0.772807
-0
-0.47772
-0
0
0
0.477917
0
0.773445
0
0.773605
0
0.478213
0
5.3186e-07
0
-0.478409
-0
-0.774243
-0
-0.774403
-0
-0.478706
-0
0
0
0.478902
0
0.775039
0
0.775199
0
0.479198
0
5.32955e-07
0
-0.479394
-0
-0.775835
-0
-0.775994
-0
-0.47969
-0
0
0
0.479885
0
0.776629
0
0.776788
0
0.48018
0
5.34046e-07
0
-0.480375
-0
-0.777422
-0
-0.777581
-0
-0.48067
-0
0
0
0.480865
0
0.778215
0
0.778373
0
0.481159
0
5.35135e-07
0
-0.481354
-0
-0.779006
-0
-0.779164
-0
-0.481648
-0
0
0
0.481843
0
0.779796
0
0.779954
0
0.482136
0
5.36221e-07
0
-0.48233
-0
-0.780585
-0
-0.780743
-0
-0.482624
-0
0
0
0.482818
0
0.781373
0
0.781531
0
0.48311
0
5.37304e-07
0
-0.483304
-0
-0.78216
-0
-0.782318
-0
-0.483597
-0
0
0
0.48379
0
0.782946
0
0.783103
0
0.484082
0
5.38384e-07
0
-0.484275
-0
-0.783731
-0
-0.783888
-0
-0.484567
-0
0
0
0.48476
0
0.784515
0
0.784671
0
0.485051
0
5.39461e-07
0
-0.485243
-0
-0.785297
-0
-0.785454
-0
-0.485535
-0
0
0
0.485727
0
0.786079
0
0.786236
0
0.486017
0
5.40535e-07
0
-0.486209
-0
-0.78686
-0
-0.787016
-0
-0.4865
-0
0
0
0.486692
0
0.78764
0
0.787796
0
0.486981
0
5.41607e-07
0
-0.487173
-0
-0.788418
-0
-0.788574
-0
-0.487462
-0
0
0
0.487654
0
0.789196
0
0.789351
0
0.487942
0
5.42675e-07
0
-0.488133
-0
-0.789972
-0
-0.790128
-0
-0.488422
-0
0
0
0.488613
0
0.790748
0
0.790903
0
0.488901
0
5.43741e-07
0
-0.489092
-0
-0.791523
-0
-0.791678
-0
-0.48938
-0
0
0
0.48957
0
0.792296
0
0.792451
0
0.489857
0
5.44804e-07
0
-0.490048
-0
-0.793069
-0
-0.793224
-0
-0.490335
-0
0
0
0.490525
0
0.79384
0
0.793995
0
0.490811
0
5.45865e-07
0
-0.491001
-0
-0.794611
-0
-0.794765
-0
-0.491288
-0
0
0
0.491477
0
0.79538
0
0.795534
0
0.491763
0
5.46922e-07
0
-0.491952
-0
-0.796149
-0
-0.796303
-0
-0.492238
-0
0
0
0.492427
0
0.796916
0
0.79707
0
0.492711
0
5.47977e-07
0
-0.4929
-0
-0.797683
-0
-0.797837
-0
-0.493185
-0
0
0
0.493374
0
0.798449
0
0.798602
0
0.493658
0
5.49029e-07
0
-0.493846
-0
-0.799213
-0
-0.799366
-0
-0.494131
-0
0
0
0.494318
0
0.799977
0
0.800129
0
0.494602
0
5.50079e-07
0
-0.494789
-0
-0.800739
-0
-0.800892
-0
-0.495073
-0
0
0
0.495261
0
0.801501
0
0.801653
0
0.495543
0
5.51125e-07
0
-0.49573
-0
-0.802261
-0
-0.802414
-0
-0.496014
-0
0
0
0.4962
0
0.803021
0
0.803173
0
0.496482
0
5.52169e-07
0
-0.496669
-0
-0.80378
-0
-0.803932
-0
-0.496951
-0
0
0
0.497138
0
0.804537
0
0.804689
0
0.497419
0
5.5321e-07
0
-0.497605
-0
-0.805294
-0
-0.805446
-0
-0.497887
-0
0
0
0.498073
0
0.80605
0
0.806201
0
0.498353
0
5.54249e-07
0
-0.498539
-0
-0.806805
-0
-0.806956
-0
-0.49882
-0
0
0
0.499005
0
0.807559
0
0.807709
0
0.499285
0
5.55285e-07
0
-0.49947
-0
-0.808311
-0
-0.808462
-0
-0.499751
-0
0
0
0.499936
0
0.809063
0
0.809214
0
0.500215
0
5.56318e-07
0
-0.500399
-0
-0.809814
-0
-0.809965
-0
-0.500679
-0
0
0
0.500864
0
0.810564
0
0.810714
0
0.501142
0
5.57349e-07
0
-0.501326
-0
-0.811313
-0
-0.811463
-0
-0.501605
-0
0
0
0.501789
0
0.812061
0
0.812211
0
0.502067
0
5.58377e-07
0
-0.502251
-0
-0.812808
-0
-0.812958
-0
-0.502529
-0
0
0
0.502712
0
0.813555
0
0.813704
0
0.502989
0
5.59403e-07
0
-0.503173
-0
-0.8143
-0
-0.814449
-0
-0.50345
-0
0
0
0.503633
0
0.815044
0
0.815193
0
0.503909
0
5.60426e-07
0
-0.504092
-0
-0.815788
-0
-0.815937
-0
-0.504369
-0
0
0
0.504552
0
0.81653
0
0.816679
0
0.504827
0
5.61446e-07
0
-0.50501
-0
-0.817272
-0
-0.81742
-0
-0.505286
-0
0
0
0.505468
0
0.818012
0
0.818161
0
0.505743
0
5.62464e-07
0
-0.505925
-0
-0.818752
-0
-0.8189
-0
-0.5062
-0
0
0
0.506382
0
0.819491
0
0.819639
0
0.506656
0
5.63479e-07
0
-0.506838
-0
-0.820228
-0
-0.820376
-0
-0.507112
-0
0
0
0.507294
0
0.820966
0
0.821113
0
0.507567
0
5.64492e-07
0
-0.507748
-0
-0.821701
-0
-0.821849
-0
-0.508022
-0
0
0
0.508203
0
0.822437
0
0.822584
0
0.508476
0
5.65502e-07
0
-0.508656
-0
-0.823171
-0
-0.823318
-0
-0.50893
-0
0
0
0.50911
0
0.823904
0
0.824051
0
0.509382
0
5.6651e-07
0
-0.509562
-0
-0.824636
-0
-0.824783
-0
-0.509835
-0
0
0
0.510015
0
0.825368
0
0.825514
0
0.510286
0
5.67515e-07
0
-0.510466
-0
-0.826098
-0
-0.826245
-0
-0.510738
-0
0
0
0.510918
0
0.826828
0
0.826974
0
0.511188
0
5.68517e-07
0
-0.511368
-0
-0.827556
-0
-0.827703
-0
-0.511639
-0
0
0
0.511818
0
0.828284
0
0.82843
0
0.512088
0
5.69518e-07
0
-0.512267
-0
-0.829011
-0
-0.829157
-0
-0.512538
-0
0
0
0.512716
0
0.829737
0
0.829883
0
0.512986
0
5.70515e-07
0
-0.513164
-0
-0.830462
-0
-0.830608
-0
-0.513434
-0
0
0
0.513612
0
0.831187
0
0.831332
0
0.513881
0
5.71511e-07
0
-0.514059
-0
-0.83191
-0
-0.832055
-0
-0.514328
-0
0
0
0.514506
0
0.832633
0
0.832777
0
0.514774
0
5.72504e-07
0
-0.514952
-0
-0.833354
-0
-0.833499
-0
-0.51522
-0
0
0
0.515398
0
0.834075
0
0.834219
0
0.515665
0
5.73494e-07
0
-0.515842
-0
-0.834795
-0
-0.834939
-0
-0.51611
-0
0
0
0.516287
0
0.835514
0
0.835658
0
0.516554
0
5.74482e-07
0
-0.516731
-0
-0.836232
-0
-0.836376
-0
-0.516998
-0
0
0
0.517174
0
0.836949
0
0.837093
0
0.517441
0
5.75468e-07
0
-0.517617
-0
-0.837665
-0
-0.837809
-0
-0.517884
-0
0
0
0.51806
0
0.838381
0
0.838524
0
0.518325
0
5.76451e-07
0
-0.518501
-0
-0.839096
-0
-0.839239
-0
-0.518767
-0
0
0
0.518943
0
0.839809
0
0.839952
0
0.519208
0
5.77432e-07
0
-0.519383
-0
-0.840522
-0
-0.840665
-0
-0.519648
-0
0
0
0.519823
0
0.841234
0
0.841377
0
0.520088
0
5.78411e-07
0
-0.520263
-0
-0.841945
-0
-0.842088
-0
-0.520528
-0
0
0
0.520702
0
0.842656
0
0.842798
0
0.520966
0
5.79387e-07
0
-0.52114
-0
-0.843365
-0
-0.843508
-0
-0.521405
-0
0
0
0.521579
0
0.844074
0
0.844216
0
0.521842
0
5.80361e-07
0
-0.522016
-0
-0.844782
-0
-0.844924
-0
-0.52228
-0
0
0
0.522453
0
0.845489
0
0.84563
0
0.522716
0
5.81332e-07
0
-0.522889
-0
-0.846195
-0
-0.846336
-0
-0.523152
-0
0
0
0.523326
0
0.8469
0
0.847041
0
0.523588
0
5.82301e-07
0
-0.523761
-0
-0.847604
-0
-0.847746
-0
-0.524023
-0
0
0
0.524196
0
0.848308
0
0.848449
0
0.524457
0
5.83268e-07
0
-0.52463
-0
-0.849011
-0
-0.849152
-0
-0.524892
-0
0
0
0.525065
0
0.849713
0
0.849853
0
0.525325
0
5.84233e-07
0
-0.525497
-0
-0.850414
-0
-0.850554
-0
-0.525759
-0
0
0
0.525931
0
0.851114
0
0.851254
0
0.526191
0
5.85195e-07
0
-0.526363
-0
-0.851813
-0
-0.851954
-0
-0.526623
-0
0
0
0.526795
0
0.852512
0
0.852652
0
0.527054
0
5.86155e-07
0
-0.527226
-0
-0.85321
-0
-0.85335
-0
-0.527486
-0
0
0
0.527657
0
0.853907
0
0.854046
0
0.527916
0
5.87113e-07
0
-0.528087
-0
-0.854603
-0
-0.854742
-0
-0.528346
-0
0
0
0.528517
0
0.855298
0
0.855437
0
0.528775
0
5.88069e-07
0
-0.528946
-0
-0.855992
-0
-0.856132
-0
-0.529205
-0
0
0
0.529375
0
0.856686
0
0.856825
0
0.529633
0
5.89022e-07
0
-0.529803
-0
-0.857379
-0
-0.857518
-0
-0.530061
-0
0
0
0.530232
0
0.858071
0
0.85821
0
0.530488
0
5.89973e-07
0
-0.530658
-0
-0.858762
-0
-0.858901
-0
-0.530916
-0
0
0
0.531086
0
0.859453
0
0.859591
0
0.531342
0
5.90922e-07
0
-0.531511
-0
-0.860142
-0
-0.86028
-0
-0.531768
-0
0
0
0.531938
0
0.860831
0
0.860969
0
0.532193
0
5.91868e-07
0
-0.532363
-0
-0.861519
-0
-0.861657
-0
-0.532619
-0
0
0
0.532788
0
0.862206
0
0.862344
0
0.533043
0
5.92813e-07
0
-0.533212
-0
-0.862892
-0
-0.86303
-0
-0.533467
-0
0
0
0.533636
0
0.863578
0
0.863715
0
0.533891
0
5.93755e-07
0
-0.534059
-0
-0.864263
-0
-0.8644
-0
-0.534314
-0
0
0
0.534482
0
0.864947
0
0.865084
0
0.534736
0
5.94695e-07
0
-0.534904
-0
-0.86563
-0
-0.865767
-0
-0.535159
-0
0
0
0.535326
0
0.866313
0
0.866449
0
0.53558
0
5.95633e-07
0
-0.535747
-0
-0.866994
-0
-0.867131
-0
-0.536001
-0
0
0
0.536169
0
0.867675
0
0.867812
0
0.536421
0
5.96569e-07
0
-0.536589
-0
-0.868355
-0
-0.868492
-0
-0.536842
-0
0
0
0.537009
0
0.869035
0
0.869171
0
0.537261
0
5.97502e-07
0
-0.537428
-0
-0.869713
-0
-0.869849
-0
-0.537681
-0
0
0
0.537847
0
0.870391
0
0.870527
0
0.538099
0
5.98434e-07
0
-0.538265
-0
-0.871068
-0
-0.871204
-0
-0.538518
-0
0
0
0.538684
0
0.871744
0
0.871879
0
0.538935
0
5.99363e-07
0
-0.539101
-0
-0.872419
-0
-0.872555
-0
-0.539353
-0
0
0
0.539518
0
0.873094
0
0.873229
0
0.539769
0
6.0029e-07
0
-0.539935
-0
-0.873768
-0
-0.873903
-0
-0.540186
-0
0
0
0.540351
0
0.874441
0
0.874576
0
0.540601
0
6.01215e-07
0
-0.540766
-0
-0.875113
-0
-0.875248
-0
-0.541017
-0
0
0
0.541182
0
0.875785
0
0.87592
0
0.541431
0
6.02138e-07
0
-0.541596
-0
-0.876456
-0
-0.87659
-0
-0.541846
-0
0
0
0.542011
0
0.877126
0
0.87726
0
0.54226
0
6.03059e-07
0
-0.542424
-0
-0.877795
-0
-0.877929
-0
-0.542674
-0
0
0
0.542838
0
0.878464
0
0.878598
0
0.543086
0
6.03978e-07
0
-0.54325
-0
-0.879131
-0
-0.879265
-0
-0.543499
-0
0
0
0.543663
0
0.879799
0
0.879932
0
0.543911
0
6.04894e-07
0
-0.544074
-0
-0.880465
-0
-0.880598
-0
-0.544323
-0
0
0
0.544486
0
0.88113
0
0.881264
0
0.544733
0
6.05809e-07
0
-0.544897
-0
-0.881795
-0
-0.881928
-0
-0.545145
-0
0
0
0.545308
0
0.882459
0
0.882592
0
0.545554
0
6.06722e-07
0
-0.545717
-0
-0.883122
-0
-0.883255
-0
-0.545965
-0
0
0
0.546127
0
0.883785
0
0.883918
0
0.546373
0
6.07632e-07
0
-0.546536
-0
-0.884447
-0
-0.88458
-0
-0.546783
-0
0
0
0.546945
0
0.885108
0
0.88524
0
0.547191
0
6.08541e-07
0
-0.547353
-0
-0.885768
-0
-0.885901
-0
-0.547599
-0
0
0
0.547761
0
0.886428
0
0.88656
0
0.548006
0
6.09447e-07
0
-0.548168
-0
-0.887087
-0
-0.887219
-0
-0.548413
-0
0
0
0.548575
0
0.887745
0
0.887877
0
0.54882
0
6.10352e-07
0
-0.548981
-0
-0.888402
-0
-0.888534
-0
-0.549226
-0
0
0
0.549387
0
0.889059
0
0.88919
0
0.549631
0
6.11254e-07
0
-0.549792
-0
-0.889715
-0
-0.889846
-0
-0.550037
-0
0
0
0.550198
0
0.89037
0
0.890501
0
0.550441
0
6.12154e-07
0
-0.550602
-0
-0.891024
-0
-0.891156
-0
-0.550846
-0
0
0
0.551007
0
0.891678
0
0.891809
0
0.551249
0
6.13053e-07
0
-0.55141
-0
-0.892331
-0
-0.892462
-0
-0.551653
-0
0
0
0.551814
0
0.892984
0
0.893114
0
0.552056
0
6.13949e-07
0
-0.552216
-0
-0.893635
-0
-0.893766
-0
-0.552459
-0
0
0
0.552619
0
0.894286
0
0.894416
0
0.55286
0
6.14844e-07
0
-0.55302
-0
-0.894936
-0
-0.895067
-0
-0.553263
-0
0
0
0.553422
0
0.895586
0
0.895716
0
0.553663
0
6.15736e-07
0
-0.553823
-0
-0.896234
-0
-0.896364
-0
-0.554064
-0
0
0
0.554224
0
0.896882
0
0.897012
0
0.554464
0
6.16627e-07
0
-0.554623
-0
-0.897529
-0
-0.897659
-0
-0.554865
-0
0
0
0.555024
0
0.898176
0
0.898306
0
0.555264
0
6.17516e-07
0
-0.555422
-0
-0.898822
-0
-0.898952
-0
-0.555663
-0
0
0
0.555822
0
0.899467
0
0.899596
0
0.556061
0
6.18402e-07
0
-0.55622
-0
-0.900112
-0
-0.900241
-0
-0.55646
-0
0
0
0.556618
0
0.900756
0
0.900884
0
0.556857
0
6.19287e-07
0
-0.557015
-0
-0.901398
-0
-0.901528
-0
-0.557255
-0
0
0
0.557413
0
0.902041
0
0.90217
0
0.557651
0
6.2017e-07
0
-0.557809
-0
-0.902683
-0
-0.902811
-0
-0.558048
-0
0
0
0.558206
0
0.903324
0
0.903452
0
0.558444
0
6.21051e-07
0
-0.558601
-0
-0.903964
-0
-0.904092
-0
-0.55884
-0
0
0
0.558997
0
0.904604
0
0.904732
0
0.559234
0
6.2193e-07
0
-0.559391
-0
-0.905242
-0
-0.905371
-0
-0.559629
-0
0
0
0.559786
0
0.905881
0
0.906008
0
0.560023
0
6.22807e-07
0
-0.56018
-0
-0.906518
-0
-0.906646
-0
-0.560418
-0
0
0
0.560574
0
0.907155
0
0.907283
0
0.56081
0
6.23682e-07
0
-0.560967
-0
-0.907791
-0
-0.907919
-0
-0.561204
-0
0
0
0.56136
0
0.908427
0
0.908554
0
0.561596
0
6.24555e-07
0
-0.561752
-0
-0.909061
-0
-0.909189
-0
-0.561989
-0
0
0
0.562144
0
0.909696
0
0.909823
0
0.56238
0
6.25427e-07
0
-0.562535
-0
-0.910329
-0
-0.910456
-0
-0.562772
-0
0
0
0.562927
0
0.910962
0
0.911088
0
0.563162
0
6.26296e-07
0
-0.563317
-0
-0.911594
-0
-0.911721
-0
-0.563553
-0
0
0
0.563708
0
0.912225
0
0.912352
0
0.563943
0
6.27164e-07
0
-0.564098
-0
-0.912856
-0
-0.912982
-0
-0.564333
-0
0
0
0.564488
0
0.913486
0
0.913612
0
0.564722
0
6.2803e-07
0
-0.564876
-0
-0.914115
-0
-0.914242
-0
-0.565111
-0
0
0
0.565265
0
0.914744
0
0.91487
0
0.565499
0
6.28894e-07
0
-0.565653
-0
-0.915372
-0
-0.915498
-0
-0.565887
-0
0
0
0.566041
0
0.916
0
0.916125
0
0.566274
0
6.29756e-07
0
-0.566428
-0
-0.916626
-0
-0.916752
-0
-0.566662
-0
0
0
0.566816
0
0.917252
0
0.917378
0
0.567048
0
6.30617e-07
0
-0.567202
-0
-0.917878
-0
-0.918003
-0
-0.567435
-0
0
0
0.567588
0
0.918502
0
0.918627
0
0.56782
0
6.31475e-07
0
-0.567974
-0
-0.919126
-0
-0.919252
-0
-0.568207
-0
0
0
0.56836
0
0.91975
0
0.919875
0
0.568591
0
6.32332e-07
0
-0.568744
-0
-0.920372
-0
-0.920497
-0
-0.568976
-0
0
0
0.569129
0
0.920995
0
0.921119
0
0.56936
0
6.33187e-07
0
-0.569513
-0
-0.921616
-0
-0.921741
-0
-0.569745
-0
0
0
0.569897
0
0.922237
0
0.922361
0
0.570128
0
6.3404e-07
0
-0.57028
-0
-0.922857
-0
-0.922981
-0
-0.570511
-0
0
0
0.570663
0
0.923477
0
0.923601
0
0.570893
0
6.34891e-07
0
-0.571045
-0
-0.924095
-0
-0.924219
-0
-0.571276
-0
0
0
0.571428
0
0.924714
0
0.924837
0
0.571658
0
6.35741e-07
0
-0.571809
-0
-0.925331
-0
-0.925455
-0
-0.57204
-0
0
0
0.572191
0
0.925948
0
0.926072
0
0.57242
0
6.36589e-07
0
-0.572572
-0
-0.926564
-0
-0.926688
-0
-0.572801
-0
0
0
0.572953
0
0.92718
0
0.927303
0
0.573181
0
6.37435e-07
0
-0.573332
-0
-0.927795
-0
-0.927918
-0
-0.573562
-0
0
0
0.573712
0
0.928409
0
0.928532
0
0.573941
0
6.38279e-07
0
-0.574091
-0
-0.929023
-0
-0.929146
-0
-0.57432
-0
0
0
0.574471
0
0.929636
0
0.929759
0
0.574699
0
6.39122e-07
0
-0.574849
-0
-0.930248
-0
-0.930371
-0
-0.575077
-0
0
0
0.575228
0
0.93086
0
0.930983
0
0.575455
0
6.39962e-07
0
-0.575605
-0
-0.931471
-0
-0.931594
-0
-0.575833
-0
0
0
0.575983
0
0.932082
0
0.932204
0
0.57621
0
6.40801e-07
0
-0.576359
-0
-0.932692
-0
-0.932814
-0
-0.576587
-0
0
0
0.576736
0
0.933301
0
0.933423
0
0.576963
0
6.41639e-07
0
-0.577112
-0
-0.933909
-0
-0.934032
-0
-0.577339
-0
0
0
0.577488
0
0.934518
0
0.934639
0
0.577714
0
6.42474e-07
0
-0.577863
-0
-0.935125
-0
-0.935247
-0
-0.57809
-0
0
0
0.578239
0
0.935732
0
0.935853
0
0.578464
0
6.43308e-07
0
-0.578613
-0
-0.936338
-0
-0.936459
-0
-0.578839
-0
0
0
0.578988
0
0.936943
0
0.937065
0
0.579213
0
6.4414e-07
0
-0.579361
-0
-0.937548
-0
-0.93767
-0
-0.579587
-0
0
0
0.579735
0
0.938153
0
0.938274
0
0.57996
0
6.44971e-07
0
-0.580108
-0
-0.938756
-0
-0.938877
-0
-0.580333
-0
0
0
0.580481
0
0.939359
0
0.93948
0
0.580705
0
6.458e-07
0
-0.580853
-0
-0.939962
-0
-0.940083
-0
-0.581078
-0
0
0
0.581226
0
0.940564
0
0.940684
0
0.581449
0
6.46627e-07
0
-0.581597
-0
-0.941165
-0
-0.941285
-0
-0.581821
-0
0
0
0.581969
0
0.941765
0
0.941886
0
0.582192
0
6.47452e-07
0
-0.582339
-0
-0.942365
-0
-0.942486
-0
-0.582563
-0
0
0
0.58271
0
0.942965
0
0.943085
0
0.582933
0
6.48276e-07
0
-0.58308
-0
-0.943563
-0
-0.943684
-0
-0.583303
-0
0
0
0.58345
0
0.944162
0
0.944281
0
0.583672
0
6.49098e-07
0
-0.583819
-0
-0.944759
-0
-0.944879
-0
-0.584042
-0
0
0
0.584188
0
0.945356
0
0.945476
0
0.58441
0
6.49918e-07
0
-0.584557
-0
-0.945952
-0
-0.946072
-0
-0.584779
-0
0
0
0.584925
0
0.946548
0
0.946668
0
0.585147
0
6.50737e-07
0
-0.585293
-0
-0.947143
-0
-0.947263
-0
-0.585515
-0
0
0
0.585661
0
0.947738
0
0.947857
0
0.585882
0
6.51554e-07
0
-0.586027
-0
-0.948332
-0
-0.948451
-0
-0.586249
-0
0
0
0.586395
0
0.948925
0
0.949044
0
0.586615
0
6.5237e-07
0
-0.586761
-0
-0.949518
-0
-0.949637
-0
-0.586982
-0
0
0
0.587127
0
0.95011
0
0.950229
0
0.587347
0
6.53183e-07
0
-0.587492
-0
-0.950702
-0
-0.95082
-0
-0.587713
-0
0
0
0.587858
0
0.951293
0
0.951411
0
0.588078
0
6.53996e-07
0
-0.588223
-0
-0.951883
-0
-0.952002
-0
-0.588443
-0
