1000
8020
0
0
0.000365029
0.587712
0.00118067
0.95082
0.00177012
0.950702
0.00145793
0.587493
2.02543e-09
6.53183e-07
-0.00218472
-0.587346
-0.00412206
-0.950228
-0.00470859
-0.950111
-0.00327221
-0.587128
0
0
0.00399539
0.586981
0.00704889
0.949637
0.00763252
0.949518
0.0050775
0.586762
6.04624e-09
6.5237e-07
-0.00579712
-0.586614
-0.00996128
-0.949044
-0.0105421
-0.948926
-0.00687393
-0.586396
0
0
0.00759002
0.586248
0.0128594
0.948451
0.0134373
0.948332
0.00866155
0.586028
1.00276e-08
6.51554e-07
-0.00937415
-0.585881
-0.0157434
-0.947857
-0.0163185
-0.947738
-0.0104405
-0.585662
0
0
0.0111496
0.585514
0.0186133
0.947262
0.0191857
0.947144
0.0122108
0.585294
1.39704e-08
6.50737e-07
-0.0129165
-0.585146
-0.0214694
-0.946667
-0.022039
-0.946549
-0.0139725
-0.584926
0
0
0.0146748
0.584778
0.0243118
0.946072
0.0248786
0.945953
0.0157258
0.584558
1.78752e-08
6.49918e-07
-0.0164248
-0.584409
-0.0271405
-0.945475
-0.0277047
-0.945357
-0.0174708
-0.584189
0
0
0.0181664
0.584041
0.0299558
0.944879
0.0305173
0.944759
0.0192074
0.58382
2.17428e-08
6.49098e-07
-0.0198997
-0.583671
-0.0327577
-0.944281
-0.0333165
-0.944162
-0.0209358
-0.583451
0
0
0.0216248
0.583302
0.0355464
0.943683
0.0361026
0.943564
0.0226561
0.583081
2.5574e-08
6.48276e-07
-0.0233419
-0.582932
-0.038322
-0.943084
-0.0388756
-0.942965
-0.0243683
-0.582711
0
0
0.0250509
0.582562
0.0410847
0.942485
0.0416356
0.942366
0.0260725
0.58234
2.93693e-08
6.47452e-07
-0.0267519
-0.582191
-0.0438344
-0.941885
-0.0443829
-0.941766
-0.0277688
-0.58197
0
0
0.0284451
0.58182
0.0465715
0.941285
0.0471174
0.941165
0.0294572
0.581598
3.31295e-08
6.46627e-07
-0.0301304
-0.581448
-0.0492959
-0.940684
-0.0498393
-0.940564
-0.0311379
-0.581227
0
0
0.031808
0.581077
0.0520078
0.940082
0.0525487
0.939962
0.0328109
0.580854
3.68552e-08
6.458e-07
-0.0334779
-0.580704
-0.0547073
-0.93948
-0.0552458
-0.93936
-0.0344763
-0.580482
0
0
0.0351402
0.580332
0.0573946
0.938877
0.0579306
0.938756
0.036134
0.580109
4.0547e-08
6.44971e-07
-0.036795
-0.579959
-0.0600696
-0.938273
-0.0606032
-0.938153
-0.0377844
-0.579737
0
0
0.0384423
0.579586
0.0627327
0.937669
0.0632639
0.937549
0.0394272
0.579362
4.42056e-08
6.4414e-07
-0.0400822
-0.579212
-0.0653837
-0.937064
-0.0659126
-0.936944
-0.0410628
-0.578989
0
0
0.0417149
0.578838
0.068023
0.936459
0.0685494
0.936338
0.042691
0.578614
4.78315e-08
6.43308e-07
-0.0433402
-0.578463
-0.0706505
-0.935853
-0.0711746
-0.935732
-0.044312
-0.57824
0
0
0.0449583
0.578089
0.0732664
0.935246
0.0737882
0.935125
0.0459258
0.577864
5.14253e-08
6.42474e-07
-0.0465693
-0.577713
-0.0758707
-0.934639
-0.0763902
-0.934518
-0.0475326
-0.57749
0
0
0.0481732
0.577338
0.0784636
0.934031
0.0789809
0.93391
0.0491323
0.577113
5.49876e-08
6.41639e-07
-0.0497701
-0.576962
-0.0810452
-0.933423
-0.0815602
-0.933301
-0.050725
-0.576737
0
0
0.0513601
0.576586
0.0836156
0.932814
0.0841283
0.932692
0.0523108
0.57636
5.85189e-08
6.40801e-07
-0.0529431
-0.576208
-0.0861748
-0.932204
-0.0866854
-0.932082
-0.0538898
-0.575984
0
0
0.0545194
0.575832
0.088723
0.931593
0.0892313
0.931471
0.0554619
0.575606
6.20198e-08
6.39962e-07
-0.0560888
-0.575454
-0.0912602
-0.930982
-0.0917664
-0.930861
-0.0570274
-0.575229
0
0
0.0576516
0.575076
0.0937866
0.930371
0.0942906
0.930249
0.0585861
0.57485
6.54907e-08
6.39122e-07
-0.0592076
-0.574697
-0.0963023
-0.929758
-0.0968042
-0.929636
-0.0601382
-0.574472
0
0
0.0607571
0.574319
0.0988073
0.929146
0.099307
0.929023
0.0616837
0.574092
6.89322e-08
6.38279e-07
-0.0623
-0.57394
-0.101302
-0.928532
-0.101799
-0.92841
-0.0632228
-0.573714
0
0
0.0638365
0.573561
0.103786
0.927918
0.104281
0.927795
0.0647553
0.573333
7.23448e-08
6.37435e-07
-0.0653665
-0.57318
-0.106259
-0.927303
-0.106753
-0.92718
-0.0662816
-0.572954
0
0
0.0668901
0.5728
0.108722
0.926687
0.109214
0.926564
0.0678013
0.572573
7.5729e-08
6.36589e-07
-0.0684074
-0.572419
-0.111175
-0.926071
-0.111665
-0.925948
-0.0693149
-0.572192
0
0
0.0699184
0.572039
0.113618
0.925455
0.114106
0.925331
0.0708221
0.57181
7.90852e-08
6.35741e-07
-0.0714232
-0.571657
-0.116051
-0.924837
-0.116536
-0.924714
-0.0723233
-0.571429
0
0
0.0729218
0.571275
0.118474
0.924219
0.118957
0.924096
0.0738181
0.571046
8.24139e-08
6.34891e-07
-0.0744143
-0.570892
-0.120887
-0.9236
-0.121368
-0.923477
-0.075307
-0.570664
0
0
0.0759007
0.57051
0.12329
0.922981
0.123769
0.922857
0.0767898
0.570281
8.57155e-08
6.3404e-07
-0.0773811
-0.570127
-0.125683
-0.922361
-0.126161
-0.922237
-0.0782666
-0.569898
0
0
0.0788555
0.569744
0.128067
0.92174
0.128543
0.921616
0.0797374
0.569514
8.89905e-08
6.33187e-07
-0.080324
-0.569359
-0.130441
-0.921119
-0.130915
-0.920995
-0.0812024
-0.56913
0
0
0.0817866
0.568975
0.132806
0.920497
0.133278
0.920373
0.0826615
0.568745
9.22393e-08
6.32332e-07
-0.0832433
-0.56859
-0.135161
-0.919874
-0.135631
-0.91975
-0.0841148
-0.568361
0
0
0.0846944
0.568206
0.137507
0.919251
0.137975
0.919127
0.0855623
0.567975
9.54624e-08
6.31475e-07
-0.0861395
-0.567819
-0.139843
-0.918627
-0.14031
-0.918503
-0.0870042
-0.567589
0
0
0.0875792
0.567434
0.142171
0.918003
0.142635
0.917878
0.0884403
0.567203
9.866e-08
6.30617e-07
-0.089013
-0.567047
-0.144489
-0.917377
-0.144952
-0.917253
-0.0898709
-0.566817
0
0
0.0904413
0.566661
0.146798
0.916752
0.147259
0.916626
0.0912957
0.566429
1.01833e-07
6.29756e-07
-0.091864
-0.566273
-0.149098
-0.916125
-0.149558
-0.916
-0.0927152
-0.566042
0
0
0.0932813
0.565886
0.15139
0.915498
0.151847
0.915372
0.094129
0.565654
1.04981e-07
6.28894e-07
-0.0946929
-0.565498
-0.153672
-0.91487
-0.154128
-0.914745
-0.0955376
-0.565266
0
0
0.0960993
0.56511
0.155946
0.914241
0.1564
0.914116
0.0969405
0.564877
1.08105e-07
6.2803e-07
-0.0975001
-0.564721
-0.158211
-0.913612
-0.158663
-0.913486
-0.0983383
-0.564489
0
0
0.0988957
0.564332
0.160467
0.912982
0.160917
0.912856
0.0997305
0.564099
1.11205e-07
6.27164e-07
-0.100286
-0.563942
-0.162715
-0.912351
-0.163163
-0.912226
-0.101118
-0.563709
0
0
0.101671
0.563552
0.164954
0.91172
0.165401
0.911594
0.102499
0.563318
1.14281e-07
6.26296e-07
-0.10305
-0.563161
-0.167185
-0.911088
-0.16763
-0.910962
-0.103876
-0.562928
0
0
0.104425
0.562771
0.169407
0.910456
0.169851
0.910329
0.105247
0.562536
1.17334e-07
6.25427e-07
-0.105794
-0.562379
-0.171621
-0.909822
-0.172063
-0.909696
-0.106614
-0.562145
0
0
0.107159
0.561988
0.173827
0.909188
0.174267
0.909062
0.107975
0.561753
1.20365e-07
6.24555e-07
-0.108518
-0.561595
-0.176025
-0.908554
-0.176463
-0.908427
-0.109331
-0.561361
0
0
0.109872
0.561203
0.178214
0.907918
0.178651
0.907791
0.110682
0.560968
1.23373e-07
6.23682e-07
-0.111221
-0.560809
-0.180395
-0.907282
-0.180831
-0.907155
-0.112028
-0.560575
0
0
0.112565
0.560417
0.182569
0.906646
0.183002
0.906518
0.11337
0.560181
1.26359e-07
6.22807e-07
-0.113905
-0.560022
-0.184734
-0.906008
-0.185166
-0.905881
-0.114706
-0.559787
0
0
0.115239
0.559628
0.186891
0.90537
0.187322
0.905243
0.116037
0.559392
1.29323e-07
6.2193e-07
-0.116568
-0.559233
-0.189041
-0.904731
-0.18947
-0.904604
-0.117364
-0.558998
0
0
0.117893
0.558839
0.191183
0.904092
0.19161
0.903964
0.118686
0.558602
1.32266e-07
6.21051e-07
-0.119213
-0.558443
-0.193317
-0.903452
-0.193743
-0.903324
-0.120003
-0.558207
0
0
0.120528
0.558047
0.195443
0.902811
0.195868
0.902683
0.121315
0.55781
1.35188e-07
6.2017e-07
-0.121838
-0.55765
-0.197562
-0.902169
-0.197985
-0.902041
-0.122623
-0.557414
0
0
0.123144
0.557254
0.199673
0.901527
0.200095
0.901399
0.123926
0.557016
1.38089e-07
6.19287e-07
-0.124445
-0.556856
-0.201777
-0.900884
-0.202197
-0.900756
-0.125224
-0.556619
0
0
0.125742
0.556459
0.203873
0.900241
0.204292
0.900112
0.126518
0.556221
1.40969e-07
6.18402e-07
-0.127034
-0.55606
-0.205962
-0.899596
-0.206379
-0.899468
-0.127807
-0.555823
0
0
0.128321
0.555662
0.208043
0.898951
0.208459
0.898822
0.129091
0.555423
1.43829e-07
6.17516e-07
-0.129604
-0.555263
-0.210118
-0.898305
-0.210532
-0.898177
-0.130372
-0.555025
0
0
0.130882
0.554864
0.212185
0.897659
0.212597
0.89753
0.131647
0.554624
1.46668e-07
6.16627e-07
-0.132156
-0.554463
-0.214244
-0.897012
-0.214655
-0.896883
-0.132918
-0.554225
0
0
0.133425
0.554063
0.216297
0.896364
0.216706
0.896235
0.134185
0.553824
1.49489e-07
6.15736e-07
-0.13469
-0.553662
-0.218342
-0.895715
-0.218751
-0.895586
-0.135448
-0.553423
0
0
0.135951
0.553262
0.220381
0.895066
0.220787
0.894936
0.136705
0.553021
1.52289e-07
6.14844e-07
-0.137207
-0.552859
-0.222412
-0.894416
-0.222817
-0.894286
-0.137959
-0.55262
0
0
0.138459
0.552458
0.224436
0.893765
0.22484
0.893635
0.139209
0.552217
1.55071e-07
6.13949e-07
-0.139707
-0.552055
-0.226454
-0.893114
-0.226857
-0.892984
-0.140454
-0.551815
0
0
0.140951
0.551652
0.228464
0.892462
0.228866
0.892331
0.141695
0.551411
1.57833e-07
6.13053e-07
-0.14219
-0.551248
-0.230468
-0.891809
-0.230868
-0.891679
-0.142932
-0.551008
0
0
0.143425
0.550845
0.232465
0.891155
0.232864
0.891025
0.144164
0.550603
1.60577e-07
6.12154e-07
-0.144656
-0.55044
-0.234456
-0.890501
-0.234853
-0.89037
-0.145393
-0.550199
0
0
0.145883
0.550036
0.236439
0.889846
0.236835
0.889715
0.146617
0.549793
1.63303e-07
6.11254e-07
-0.147105
-0.54963
-0.238416
-0.88919
-0.238811
-0.889059
-0.147837
-0.549388
0
0
0.148324
0.549225
0.240387
0.888534
0.24078
0.888402
0.149053
0.548982
1.6601e-07
6.10352e-07
-0.149538
-0.548819
-0.24235
-0.887876
-0.242743
-0.887745
-0.150265
-0.548576
0
0
0.150749
0.548412
0.244308
0.887218
0.244699
0.887087
0.151473
0.548169
1.68699e-07
6.09447e-07
-0.151955
-0.548005
-0.246259
-0.88656
-0.246648
-0.886428
-0.152678
-0.547762
0
0
0.153158
0.547598
0.248203
0.8859
0.248591
0.885768
0.153878
0.547354
1.71371e-07
6.08541e-07
-0.154356
-0.54719
-0.250141
-0.88524
-0.250528
-0.885108
-0.155074
-0.546946
0
0
0.155551
0.546782
0.252073
0.884579
0.252459
0.884447
0.156266
0.546537
1.74025e-07
6.07632e-07
-0.156742
-0.546372
-0.253999
-0.883917
-0.254383
-0.883785
-0.157455
-0.546128
0
0
0.157929
0.545964
0.255918
0.883255
0.256301
0.883123
0.158639
0.545718
1.76662e-07
6.06722e-07
-0.159112
-0.545553
-0.257831
-0.882592
-0.258213
-0.88246
-0.15982
-0.545309
0
0
0.160291
0.545144
0.259738
0.881928
0.260118
0.881795
0.160997
0.544898
1.79282e-07
6.05809e-07
-0.161467
-0.544732
-0.261638
-0.881263
-0.262018
-0.881131
-0.16217
-0.544487
0
0
0.162638
0.544322
0.263533
0.880598
0.263911
0.880465
0.16334
0.544075
1.81886e-07
6.04894e-07
-0.163806
-0.54391
-0.265421
-0.879932
-0.265799
-0.879799
-0.164506
-0.543664
0
0
0.164971
0.543498
0.267304
0.879265
0.26768
0.879132
0.165667
0.543251
1.84472e-07
6.03978e-07
-0.166131
-0.543085
-0.26918
-0.878597
-0.269555
-0.878464
-0.166826
-0.542839
0
0
0.167288
0.542673
0.271051
0.877929
0.271425
0.877795
0.16798
0.542425
1.87042e-07
6.03059e-07
-0.168441
-0.542259
-0.272916
-0.87726
-0.273288
-0.877126
-0.169132
-0.542012
0
0
0.169591
0.541845
0.274775
0.87659
0.275146
0.876456
0.170279
0.541597
1.89597e-07
6.02138e-07
-0.170736
-0.54143
-0.276628
-0.875919
-0.276998
-0.875785
-0.171423
-0.541183
0
0
0.171879
0.541016
0.278475
0.875248
0.278844
0.875114
0.172563
0.540767
1.92135e-07
6.01215e-07
-0.173018
-0.5406
-0.280316
-0.874576
-0.280684
-0.874442
-0.1737
-0.540352
0
0
0.174153
0.540185
0.282152
0.873903
0.282519
0.873768
0.174833
0.539936
1.94657e-07
6.0029e-07
-0.175285
-0.539768
-0.283982
-0.873229
-0.284348
-0.873095
-0.175962
-0.539519
0
0
0.176413
0.539352
0.285807
0.872555
0.286171
0.87242
0.177088
0.539102
1.97164e-07
5.99363e-07
-0.177538
-0.538934
-0.287625
-0.871879
-0.287989
-0.871744
-0.178211
-0.538685
0
0
0.178659
0.538517
0.289439
0.871203
0.289801
0.871068
0.17933
0.538266
1.99655e-07
5.98434e-07
-0.179777
-0.538098
-0.291246
-0.870526
-0.291607
-0.870391
-0.180446
-0.537848
0
0
0.180891
0.53768
0.293048
0.869849
0.293408
0.869713
0.181559
0.537429
2.02131e-07
5.97502e-07
-0.182002
-0.53726
-0.294845
-0.86917
-0.295204
-0.869035
-0.182668
-0.53701
0
0
0.18311
0.536841
0.296636
0.868491
0.296994
0.868356
0.183773
0.53659
2.04593e-07
5.96569e-07
-0.184214
-0.53642
-0.298422
-0.867811
-0.298779
-0.867676
-0.184876
-0.53617
0
0
0.185316
0.536
0.300203
0.867131
0.300558
0.866995
0.185975
0.535748
2.07039e-07
5.95633e-07
-0.186413
-0.535579
-0.301978
-0.866449
-0.302332
-0.866313
-0.187071
-0.535327
0
0
0.187508
0.535158
0.303747
0.865767
0.304101
0.865631
0.188163
0.534905
2.09471e-07
5.94695e-07
-0.188599
-0.534735
-0.305512
-0.865084
-0.305864
-0.864947
-0.189252
-0.534483
0
0
0.189687
0.534313
0.307271
0.8644
0.307622
0.864263
0.190338
0.53406
2.11888e-07
5.93755e-07
-0.190771
-0.53389
-0.309025
-0.863715
-0.309375
-0.863579
-0.191421
-0.533637
0
0
0.191853
0.533466
0.310774
0.86303
0.311123
0.862893
0.1925
0.533213
2.14291e-07
5.92813e-07
-0.192931
-0.533042
-0.312517
-0.862343
-0.312866
-0.862207
-0.193577
-0.532789
0
0
0.194006
0.532618
0.314256
0.861657
0.314603
0.861519
0.19465
0.532363
2.1668e-07
5.91868e-07
-0.195078
-0.532192
-0.315989
-0.860969
-0.316336
-0.860831
-0.19572
-0.531939
0
0
0.196147
0.531767
0.317718
0.86028
0.318063
0.860142
0.196787
0.531512
2.19055e-07
5.90922e-07
-0.197213
-0.531341
-0.319441
-0.85959
-0.319785
-0.859453
-0.197851
-0.531087
0
0
0.198275
0.530915
0.321159
0.8589
0.321503
0.858762
0.198912
0.530659
2.21416e-07
5.89973e-07
-0.199335
-0.530487
-0.322873
-0.858209
-0.323215
-0.858071
-0.199969
-0.530232
0
0
0.200391
0.53006
0.324581
0.857517
0.324922
0.857379
0.201024
0.529804
2.23763e-07
5.89022e-07
-0.201444
-0.529632
-0.326285
-0.856825
-0.326625
-0.856687
-0.202076
-0.529376
0
0
0.202495
0.529204
0.327983
0.856131
0.328322
0.855993
0.203124
0.528947
2.26097e-07
5.88069e-07
-0.203542
-0.528774
-0.329677
-0.855437
-0.330015
-0.855298
-0.20417
-0.528518
0
0
0.204587
0.528345
0.331366
0.854742
0.331703
0.854603
0.205212
0.528088
2.28418e-07
5.87113e-07
-0.205628
-0.527915
-0.33305
-0.854046
-0.333386
-0.853907
-0.206252
-0.527658
0
0
0.206667
0.527485
0.334729
0.853349
0.335064
0.85321
0.207288
0.527227
2.30725e-07
5.86155e-07
-0.207702
-0.527053
-0.336403
-0.852651
-0.336738
-0.852512
-0.208322
-0.526796
0
0
0.208735
0.526622
0.338073
0.851953
0.338407
0.851814
0.209353
0.526364
2.33019e-07
5.85195e-07
-0.209764
-0.52619
-0.339738
-0.851254
-0.340071
-0.851114
-0.210381
-0.525932
0
0
0.210791
0.525758
0.341399
0.850554
0.34173
0.850414
0.211406
0.525498
2.35301e-07
5.84233e-07
-0.211815
-0.525324
-0.343054
-0.849853
-0.343385
-0.849713
-0.212428
-0.525065
0
0
0.212836
0.524891
0.344705
0.849151
0.345035
0.849011
0.213447
0.524631
2.37569e-07
5.83268e-07
-0.213854
-0.524456
-0.346352
-0.848448
-0.346681
-0.848308
-0.214464
-0.524197
0
0
0.214869
0.524022
0.347994
0.847745
0.348322
0.847605
0.215477
0.523762
2.39826e-07
5.82301e-07
-0.215882
-0.523587
-0.349631
-0.847041
-0.349958
-0.8469
-0.216488
-0.523327
0
0
0.216891
0.523152
0.351264
0.846336
0.35159
0.846195
0.217496
0.52289
2.42069e-07
5.81332e-07
-0.217898
-0.522715
-0.352892
-0.84563
-0.353218
-0.845489
-0.218502
-0.522454
0
0
0.218903
0.522279
0.354516
0.844923
0.354841
0.844782
0.219504
0.522017
2.44301e-07
5.80361e-07
-0.219904
-0.521841
-0.356136
-0.844215
-0.356459
-0.844074
-0.220504
-0.52158
0
0
0.220903
0.521404
0.357751
0.843507
0.358073
0.843366
0.221501
0.521141
2.4652e-07
5.79387e-07
-0.221898
-0.520965
-0.359361
-0.842798
-0.359683
-0.842656
-0.222495
-0.520703
0
0
0.222892
0.520527
0.360967
0.842088
0.361288
0.841946
0.223487
0.520264
2.48727e-07
5.78411e-07
-0.223882
-0.520087
-0.362569
-0.841377
-0.362889
-0.841235
-0.224476
-0.519824
0
0
0.22487
0.519647
0.364167
0.840665
0.364486
0.840523
0.225462
0.519384
2.50922e-07
5.77432e-07
-0.225855
-0.519207
-0.36576
-0.839952
-0.366078
-0.83981
-0.226446
-0.518944
0
0
0.226838
0.518766
0.367349
0.839239
0.367666
0.839096
0.227426
0.518502
2.53105e-07
5.76451e-07
-0.227818
-0.518324
-0.368934
-0.838524
-0.36925
-0.838381
-0.228405
-0.51806
0
0
0.228795
0.517883
0.370514
0.837809
0.37083
0.837666
0.22938
0.517618
2.55277e-07
5.75468e-07
-0.22977
-0.51744
-0.37209
-0.837092
-0.372405
-0.83695
-0.230354
-0.517175
0
0
0.230742
0.516997
0.373662
0.836376
0.373976
0.836232
0.231324
0.516731
2.57437e-07
5.74482e-07
-0.231711
-0.516553
-0.37523
-0.835657
-0.375543
-0.835514
-0.232292
-0.516288
0
0
0.232678
0.516109
0.376794
0.834939
0.377106
0.834795
0.233257
0.515843
2.59586e-07
5.73494e-07
-0.233642
-0.515664
-0.378353
-0.834219
-0.378665
-0.834075
-0.234221
-0.515399
0
0
0.234605
0.51522
0.379909
0.833499
0.38022
0.833355
0.235181
0.514953
2.61723e-07
5.72504e-07
-0.235564
-0.514773
-0.38146
-0.832777
-0.38177
-0.832633
-0.236139
-0.514507
0
0
0.236521
0.514327
0.383008
0.832055
0.383317
0.83191
0.237094
0.51406
2.63849e-07
5.71511e-07
-0.237475
-0.51388
-0.384551
-0.831331
-0.384859
-0.831187
-0.238047
-0.513613
0
0
0.238427
0.513433
0.38609
0.830608
0.386398
0.830463
0.238997
0.513165
2.65964e-07
5.70515e-07
-0.239376
-0.512985
-0.387625
-0.829882
-0.387932
-0.829738
-0.239945
-0.512717
0
0
0.240323
0.512537
0.389157
0.829157
0.389463
0.829012
0.24089
0.512268
2.68068e-07
5.69518e-07
-0.241267
-0.512087
-0.390684
-0.82843
-0.390989
-0.828285
-0.241833
-0.511819
0
0
0.242209
0.511638
0.392208
0.827702
0.392512
0.827557
0.242774
0.511369
2.70162e-07
5.68517e-07
-0.243149
-0.511187
-0.393727
-0.826974
-0.394031
-0.826828
-0.243712
-0.510918
0
0
0.244086
0.510737
0.395243
0.826244
0.395545
0.826098
0.244648
0.510467
2.72244e-07
5.67515e-07
-0.245021
-0.510285
-0.396754
-0.825514
-0.397056
-0.825368
-0.245581
-0.510016
0
0
0.245953
0.509834
0.398262
0.824783
0.398563
0.824637
0.246512
0.509563
2.74316e-07
5.6651e-07
-0.246883
-0.509381
-0.399766
-0.82405
-0.400067
-0.823904
-0.247441
-0.509111
0
0
0.247811
0.508929
0.401266
0.823317
0.401566
0.823171
0.248367
0.508657
2.76378e-07
5.65502e-07
-0.248736
-0.508475
-0.402763
-0.822583
-0.403062
-0.822437
-0.249291
-0.508204
0
0
0.249659
0.508021
0.404255
0.821849
0.404553
0.821702
0.250212
0.507749
2.78429e-07
5.64492e-07
-0.25058
-0.507566
-0.405744
-0.821113
-0.406042
-0.820966
-0.251132
-0.507294
0
0
0.251498
0.507111
0.407229
0.820376
0.407526
0.820229
0.252048
0.506838
2.80469e-07
5.63479e-07
-0.252414
-0.506655
-0.408711
-0.819638
-0.409007
-0.819491
-0.252963
-0.506383
0
0
0.253328
0.506199
0.410188
0.8189
0.410484
0.818752
0.253875
0.505926
2.825e-07
5.62464e-07
-0.254239
-0.505742
-0.411662
-0.81816
-0.411957
-0.818013
-0.254786
-0.505469
0
0
0.255148
0.505285
0.413133
0.81742
0.413426
0.817272
0.255693
0.505011
2.8452e-07
5.61446e-07
-0.256055
-0.504826
-0.414599
-0.816678
-0.414892
-0.816531
-0.256599
-0.504553
0
0
0.25696
0.504368
0.416062
0.815936
0.416355
0.815788
0.257502
0.504093
2.86531e-07
5.60426e-07
-0.257862
-0.503908
-0.417522
-0.815193
-0.417813
-0.815045
-0.258403
-0.503634
0
0
0.258763
0.503449
0.418978
0.814449
0.419268
0.8143
0.259302
0.503173
2.88531e-07
5.59403e-07
-0.25966
-0.502988
-0.42043
-0.813704
-0.42072
-0.813555
-0.260199
-0.502713
0
0
0.260556
0.502528
0.421879
0.812958
0.422168
0.812809
0.261093
0.502251
2.90522e-07
5.58377e-07
-0.26145
-0.502066
-0.423324
-0.812211
-0.423613
-0.812062
-0.261986
-0.50179
0
0
0.262341
0.501604
0.424765
0.811463
0.425053
0.811314
0.262875
0.501327
2.92503e-07
5.57349e-07
-0.26323
-0.501141
-0.426203
-0.810714
-0.426491
-0.810565
-0.263764
-0.500864
0
0
0.264118
0.500678
0.427638
0.809964
0.427925
0.809814
0.264649
0.5004
2.94474e-07
5.56318e-07
-0.265002
-0.500214
-0.429069
-0.809213
-0.429355
-0.809064
-0.265533
-0.499937
0
0
0.265885
0.49975
0.430497
0.808462
0.430782
0.808312
0.266414
0.499471
2.96436e-07
5.55285e-07
-0.266766
-0.499284
-0.431921
-0.807709
-0.432206
-0.807559
-0.267294
-0.499006
0
0
0.267645
0.498819
0.433342
0.806956
0.433626
0.806805
0.268171
0.49854
2.98388e-07
5.54249e-07
-0.268521
-0.498352
-0.434759
-0.806201
-0.435043
-0.80605
-0.269046
-0.498074
0
0
0.269395
0.497886
0.436174
0.805445
0.436456
0.805294
0.269919
0.497606
3.00331e-07
5.5321e-07
-0.270267
-0.497418
-0.437584
-0.804689
-0.437866
-0.804538
-0.270791
-0.497139
0
0
0.271138
0.496951
0.438992
0.803931
0.439273
0.80378
0.271659
0.49667
3.02265e-07
5.52169e-07
-0.272006
-0.496481
-0.440395
-0.803173
-0.440676
-0.803021
-0.272526
-0.496201
0
0
0.272872
0.496013
0.441796
0.802413
0.442076
0.802262
0.273391
0.495731
3.0419e-07
5.51125e-07
-0.273736
-0.495542
-0.443193
-0.801653
-0.443473
-0.801501
-0.274254
-0.495262
0
0
0.274598
0.495072
0.444587
0.800892
0.444866
0.800739
0.275114
0.49479
3.06105e-07
5.50079e-07
-0.275458
-0.494601
-0.445978
-0.800129
-0.446256
-0.799977
-0.275973
-0.494319
0
0
0.276316
0.49413
0.447366
0.799366
0.447643
0.799213
0.27683
0.493847
3.08012e-07
5.49029e-07
-0.277171
-0.493657
-0.44875
-0.798601
-0.449027
-0.798449
-0.277685
-0.493375
0
0
0.278026
0.493184
0.450131
0.797836
0.450407
0.797683
0.278537
0.492901
3.0991e-07
5.47977e-07
-0.278877
-0.492711
-0.451509
-0.79707
-0.451784
-0.796917
-0.279388
-0.492427
0
0
0.279727
0.492237
0.452883
0.796303
0.453158
0.796149
0.280237
0.491953
3.11798e-07
5.46922e-07
-0.280575
-0.491762
-0.454254
-0.795534
-0.454529
-0.795381
-0.281084
-0.491478
0
0
0.281421
0.491287
0.455623
0.794765
0.455896
0.794611
0.281928
0.491002
3.13678e-07
5.45865e-07
-0.282265
-0.49081
-0.456988
-0.793994
-0.457261
-0.793841
-0.282771
-0.490526
0
0
0.283107
0.490334
0.45835
0.793223
0.458622
0.793069
0.283612
0.490048
3.1555e-07
5.44804e-07
-0.283947
-0.489857
-0.459708
-0.792451
-0.45998
-0.792297
-0.284451
-0.489571
0
0
0.284786
0.489379
0.461064
0.791677
0.461335
0.791523
0.285288
0.489093
3.17413e-07
5.43741e-07
-0.285622
-0.4889
-0.462417
-0.790903
-0.462687
-0.790748
-0.286124
-0.488614
0
0
0.286457
0.488422
0.463766
0.790128
0.464036
0.789973
0.286957
0.488134
3.19267e-07
5.42675e-07
-0.287289
-0.487941
-0.465112
-0.789351
-0.465382
-0.789196
-0.287788
-0.487655
0
0
0.28812
0.487462
0.466456
0.788574
0.466724
0.788418
0.288617
0.487173
3.21113e-07
5.41607e-07
-0.288948
-0.48698
-0.467796
-0.787795
-0.468064
-0.78764
-0.289445
-0.486693
0
0
0.289775
0.486499
0.469133
0.787016
0.4694
0.78686
0.290271
0.48621
3.22951e-07
5.40535e-07
-0.2906
-0.486016
-0.470467
-0.786235
-0.470734
-0.78608
-0.291095
-0.485728
0
0
0.291423
0.485534
0.471799
0.785454
0.472065
0.785298
0.291916
0.485244
3.2478e-07
5.39461e-07
-0.292244
-0.48505
-0.473127
-0.784671
-0.473392
-0.784515
-0.292737
-0.484761
0
0
0.293064
0.484566
0.474452
0.783888
0.474717
0.783731
0.293555
0.484276
3.26601e-07
5.38384e-07
-0.293881
-0.484081
-0.475774
-0.783103
-0.476039
-0.782946
-0.294372
-0.483791
0
0
0.294697
0.483596
0.477094
0.782317
0.477357
0.78216
0.295186
0.483305
3.28414e-07
5.37304e-07
-0.295511
-0.483109
-0.47841
-0.78153
-0.478673
-0.781373
-0.295999
-0.482819
0
0
0.296323
0.482623
0.479724
0.780743
0.479986
0.780585
0.29681
0.482331
3.30219e-07
5.36221e-07
-0.297133
-0.482135
-0.481034
-0.779954
-0.481296
-0.779796
-0.297619
-0.481844
0
0
0.297942
0.481647
0.482342
0.779164
0.482603
0.779006
0.298427
0.481355
3.32016e-07
5.35135e-07
-0.298749
-0.481158
-0.483646
-0.778373
-0.483907
-0.778215
-0.299233
-0.480866
0
0
0.299554
0.480669
0.484948
0.777581
0.485209
0.777423
0.300036
0.480376
3.33805e-07
5.34046e-07
-0.300357
-0.480179
-0.486247
-0.776788
-0.486507
-0.77663
-0.300839
-0.479886
0
0
0.301158
0.479689
0.487544
0.775994
0.487803
0.775835
0.301639
0.479394
3.35586e-07
5.32955e-07
-0.301958
-0.479197
-0.488837
-0.775198
-0.489096
-0.77504
-0.302438
-0.478903
0
0
0.302756
0.478705
0.490128
0.774402
0.490385
0.774243
0.303234
0.47841
3.37359e-07
5.3186e-07
-0.303552
-0.478212
-0.491415
-0.773605
-0.491673
-0.773446
-0.30403
-0.477918
0
0
0.304347
0.477719
0.4927
0.772807
0.492957
0.772647
0.304823
0.477424
3.39125e-07
5.30762e-07
-0.305139
-0.477225
-0.493982
-0.772007
-0.494239
-0.771847
-0.305615
-0.47693
0
0
0.30593
0.476731
0.495262
0.771206
0.495517
0.771046
0.306405
0.476434
3.40883e-07
5.29662e-07
-0.306719
-0.476235
-0.496538
-0.770405
-0.496793
-0.770245
-0.307193
-0.475939
0
0
0.307507
0.475739
0.497812
0.769602
0.498066
0.769441
0.307979
0.475442
3.42633e-07
5.28558e-07
-0.308293
-0.475242
-0.499083
-0.768798
-0.499337
-0.768637
-0.308765
-0.474945
0
0
0.309077
0.474745
0.500351
0.767993
0.500605
0.767832
0.309547
0.474447
3.44376e-07
5.27452e-07
-0.30986
-0.474247
-0.501617
-0.767187
-0.50187
-0.767026
-0.310329
-0.473949
0
0
0.310641
0.473749
0.50288
0.76638
0.503132
0.766218
0.311109
0.473449
3.46112e-07
5.26342e-07
-0.31142
-0.473249
-0.50414
-0.765571
-0.504392
-0.76541
-0.311887
-0.47295
0
0
0.312198
0.472749
0.505398
0.764762
0.505649
0.7646
0.312664
0.472449
3.4784e-07
5.2523e-07
-0.312973
-0.472248
-0.506653
-0.763952
-0.506903
-0.76379
-0.313439
-0.471948
0
0
0.313748
0.471747
0.507905
0.76314
0.508155
0.762978
0.314212
0.471446
3.4956e-07
5.24114e-07
-0.31452
-0.471244
-0.509154
-0.762327
-0.509404
-0.762165
-0.314984
-0.470944
0
0
0.315291
0.470742
0.510401
0.761514
0.510651
0.761351
0.315753
0.47044
3.51274e-07
5.22995e-07
-0.31606
-0.470238
-0.511646
-0.760698
-0.511894
-0.760536
-0.316522
-0.469937
0
0
0.316828
0.469734
0.512887
0.759883
0.513136
0.759719
0.317289
0.469432
3.5298e-07
5.21873e-07
-0.317594
-0.469229
-0.514126
-0.759065
-0.514374
-0.758902
-0.318054
-0.468927
0
0
0.318359
0.468724
0.515363
0.758247
0.51561
0.758083
0.318817
0.46842
3.54679e-07
5.20749e-07
-0.319122
-0.468217
-0.516597
-0.757427
-0.516844
-0.757264
-0.31958
-0.467914
0
0
0.319883
0.46771
0.517828
0.756607
0.518074
0.756443
0.32034
0.467406
3.56371e-07
5.1962e-07
-0.320643
-0.467202
-0.519057
-0.755785
-0.519303
-0.755621
-0.321099
-0.466898
0
0
0.321401
0.466694
0.520283
0.754962
0.520528
0.754798
0.321856
0.466389
3.58056e-07
5.18489e-07
-0.322158
-0.466185
-0.521507
-0.754138
-0.521752
-0.753974
-0.322612
-0.46588
0
0
0.322913
0.465675
0.522728
0.753313
0.522972
0.753148
0.323365
0.465369
3.59735e-07
5.17355e-07
-0.323666
-0.465164
-0.523947
-0.752487
-0.52419
-0.752322
-0.324118
-0.464859
0
0
0.324418
0.464653
0.525163
0.751659
0.525406
0.751494
0.324869
0.464347
3.61406e-07
5.16217e-07
-0.325168
-0.464141
-0.526376
-0.75083
-0.526619
-0.750665
-0.325619
-0.463834
0
0
0.325918
0.463628
0.527588
0.750001
0.52783
0.749835
0.326366
0.463321
3.6307e-07
5.15077e-07
-0.326665
-0.463115
-0.528796
-0.749169
-0.529038
-0.749004
-0.327113
-0.462807
0
0
0.327411
0.462601
0.530003
0.748337
0.530244
0.748171
0.327858
0.462292
3.64728e-07
5.13933e-07
-0.328155
-0.462086
-0.531206
-0.747504
-0.531447
-0.747338
-0.328601
-0.461778
0
0
0.328898
0.46157
0.532408
0.74667
0.532648
0.746503
0.329343
0.461261
3.66378e-07
5.12786e-07
-0.329639
-0.461054
-0.533606
-0.745834
-0.533846
-0.745667
-0.330084
-0.460745
0
0
0.330379
0.460537
0.534803
0.744997
0.535042
0.74483
0.330822
0.460227
3.68023e-07
5.11635e-07
-0.331117
-0.460019
-0.535997
-0.744159
-0.536236
-0.743992
-0.33156
-0.459709
0
0
0.331854
0.459501
0.537189
0.74332
0.537427
0.743152
0.332295
0.45919
3.6966e-07
5.10481e-07
-0.332589
-0.458981
-0.538378
-0.742479
-0.538616
-0.742311
-0.33303
-0.45867
0
0
0.333323
0.458461
0.539565
0.741638
0.539802
0.741469
0.333763
0.458149
3.71291e-07
5.09324e-07
-0.334055
-0.45794
-0.540749
-0.740795
-0.540986
-0.740626
-0.334494
-0.457629
0
0
0.334786
0.457419
0.541931
0.739951
0.542168
0.739782
0.335224
0.457106
3.72915e-07
5.08164e-07
-0.335515
-0.456896
-0.543111
-0.739105
-0.543347
-0.738937
-0.335953
-0.456584
0
0
0.336243
0.456374
0.544288
0.738259
0.544524
0.73809
0.33668
0.45606
3.74533e-07
5.07001e-07
-0.336969
-0.45585
-0.545463
-0.737411
-0.545698
-0.737242
-0.337406
-0.455536
0
0
0.337695
0.455326
0.546636
0.736562
0.54687
0.736393
0.338129
0.455011
3.76145e-07
5.05834e-07
-0.338418
-0.4548
-0.547806
-0.735712
-0.548041
-0.735542
-0.338853
-0.454486
0
0
0.339141
0.454274
0.548975
0.734861
0.549208
0.734691
0.339574
0.453959
3.7775e-07
5.04663e-07
-0.339861
-0.453747
-0.55014
-0.734008
-0.550373
-0.733838
-0.340294
-0.453432
0
0
0.340581
0.45322
0.551304
0.733154
0.551536
0.732984
0.341012
0.452903
3.79349e-07
5.0349e-07
-0.341298
-0.452691
-0.552465
-0.732299
-0.552697
-0.732129
-0.341729
-0.452375
0
0
0.342015
0.452163
0.553624
0.731443
0.553855
0.731272
0.342445
0.451845
3.80941e-07
5.02313e-07
-0.34273
-0.451632
-0.55478
-0.730585
-0.555012
-0.730414
-0.343159
-0.451315
0
0
0.343444
0.451102
0.555935
0.729727
0.556166
0.729555
0.343872
0.450784
3.82528e-07
5.01132e-07
-0.344156
-0.45057
-0.557087
-0.728867
-0.557317
-0.728695
-0.344584
-0.450252
0
0
0.344867
0.450039
0.558237
0.728006
0.558467
0.727833
0.345294
0.449719
3.84108e-07
4.99948e-07
-0.345577
-0.449505
-0.559384
-0.727143
-0.559614
-0.726971
-0.346003
-0.449186
0
0
0.346285
0.448972
0.56053
0.726279
0.560759
0.726106
0.34671
0.448652
3.85682e-07
4.98761e-07
-0.346992
-0.448437
-0.561673
-0.725414
-0.561902
-0.725241
-0.347416
-0.448117
0
0
0.347697
0.447902
0.562814
0.724548
0.563042
0.724375
0.34812
0.447581
3.8725e-07
4.9757e-07
-0.348401
-0.447366
-0.563953
-0.72368
-0.564181
-0.723507
-0.348824
-0.447045
0
0
0.349104
0.446829
0.56509
0.722811
0.565317
0.722638
0.349525
0.446507
3.88812e-07
4.96375e-07
-0.349805
-0.446291
-0.566224
-0.721941
-0.566451
-0.721767
-0.350226
-0.44597
0
0
0.350506
0.445753
0.567356
0.72107
0.567583
0.720895
0.350925
0.44543
3.90368e-07
4.95177e-07
-0.351204
-0.445214
-0.568486
-0.720197
-0.568712
-0.720023
-0.351623
-0.444891
0
0
0.351902
0.444674
0.569614
0.719323
0.56984
0.719148
0.35232
0.44435
3.91918e-07
4.93976e-07
-0.352597
-0.444133
-0.57074
-0.718447
-0.570965
-0.718273
-0.353015
-0.443809
0
0
0.353292
0.443592
0.571864
0.717571
0.572088
0.717396
0.353709
0.443267
3.93462e-07
4.92771e-07
-0.353985
-0.443049
-0.572985
-0.716693
-0.57321
-0.716518
-0.354402
-0.442724
0
0
0.354678
0.442506
0.574105
0.715814
0.574328
0.715638
0.355093
0.44218
3.95e-07
4.91562e-07
-0.355368
-0.441962
-0.575222
-0.714933
-0.575445
-0.714757
-0.355783
-0.441636
0
0
0.356058
0.441417
0.576337
0.714051
0.57656
0.713875
0.356472
0.44109
3.96532e-07
4.9035e-07
-0.356746
-0.440871
-0.57745
-0.713168
-0.577673
-0.712992
-0.357159
-0.440544
0
0
0.357433
0.440325
0.578561
0.712284
0.578783
0.712107
0.357845
0.439997
3.98059e-07
4.89134e-07
-0.358118
-0.439777
-0.57967
-0.711398
-0.579892
-0.711221
-0.35853
-0.43945
0
0
0.358803
0.43923
0.580777
0.710511
0.580998
0.710333
0.359213
0.438901
3.9958e-07
4.87915e-07
-0.359486
-0.43868
-0.581881
-0.709622
-0.582102
-0.709445
-0.359896
-0.438352
0
0
0.360168
0.438131
0.582984
0.708733
0.583205
0.708555
0.360577
0.437801
4.01095e-07
4.86691e-07
-0.360848
-0.43758
-0.584085
-0.707841
-0.584305
-0.707663
-0.361257
-0.43725
0
0
0.361528
0.437029
0.585183
0.706949
0.585403
0.70677
0.361935
0.436698
4.02605e-07
4.85465e-07
-0.362205
-0.436476
-0.58628
-0.706055
-0.586499
-0.705876
-0.362612
-0.436146
0
0
0.362882
0.435923
0.587374
0.70516
0.587593
0.704981
0.363288
0.435592
4.04109e-07
4.84234e-07
-0.363557
-0.435369
-0.588467
-0.704263
-0.588685
-0.704084
-0.363963
-0.435038
0
0
0.364232
0.434815
0.589557
0.703365
0.589775
0.703186
0.364636
0.434482
4.05608e-07
4.83e-07
-0.364904
-0.434259
-0.590646
-0.702466
-0.590864
-0.702286
-0.365309
-0.433926
0
0
0.365576
0.433703
0.591732
0.701565
0.59195
0.701385
0.365979
0.433369
4.07101e-07
4.81762e-07
-0.366247
-0.433145
-0.592817
-0.700663
-0.593034
-0.700483
-0.366649
-0.432811
0
0
0.366916
0.432587
0.593899
0.69976
0.594116
0.699579
0.367317
0.432252
4.08588e-07
4.8052e-07
-0.367584
-0.432028
-0.59498
-0.698855
-0.595196
-0.698674
-0.367985
-0.431693
0
0
0.368251
0.431468
0.596058
0.697949
0.596274
0.697768
0.368651
0.431132
4.1007e-07
4.79274e-07
-0.368916
-0.430907
-0.597135
-0.697041
-0.59735
-0.69686
-0.369316
-0.430571
0
0
0.369581
0.430346
0.598209
0.696132
0.598424
0.695951
0.369979
0.430009
4.11547e-07
4.78024e-07
-0.370244
-0.429783
-0.599282
-0.695222
-0.599497
-0.69504
-0.370642
-0.429446
0
0
0.370906
0.42922
0.600353
0.69431
0.600567
0.694128
0.371303
0.428882
4.13018e-07
4.76771e-07
-0.371567
-0.428656
-0.601421
-0.693397
-0.601635
-0.693215
-0.371964
-0.428318
0
0
0.372227
0.428091
0.602488
0.692483
0.602702
0.6923
0.372622
0.427752
4.14484e-07
4.75514e-07
-0.372885
-0.427524
-0.603553
-0.691566
-0.603766
-0.691383
-0.37328
-0.427186
0
0
0.373542
0.426958
0.604616
0.690649
0.604829
0.690466
0.373936
0.426618
4.15945e-07
4.74253e-07
-0.374198
-0.42639
-0.605677
-0.68973
-0.60589
-0.689547
-0.374592
-0.42605
0
0
0.374853
0.425822
0.606737
0.68881
0.606948
0.688626
0.375246
0.425481
4.17401e-07
4.72987e-07
-0.375506
-0.425252
-0.607794
-0.687888
-0.608005
-0.687704
-0.375899
-0.424911
0
0
0.376159
0.424682
0.608849
0.686965
0.60906
0.68678
0.37655
0.42434
4.18851e-07
4.71718e-07
-0.37681
-0.42411
-0.609903
-0.68604
-0.610114
-0.685856
-0.377201
-0.423768
0
0
0.377461
0.423538
0.610955
0.685114
0.611165
0.684929
0.377851
0.423195
4.20296e-07
4.70445e-07
-0.378109
-0.422965
-0.612004
-0.684187
-0.612214
-0.684001
-0.378499
-0.422622
0
0
0.378758
0.422391
0.613052
0.683258
0.613262
0.683072
0.379146
0.422047
4.21736e-07
4.69168e-07
-0.379404
-0.421816
-0.614098
-0.682327
-0.614308
-0.682141
-0.379793
-0.421472
0
0
0.38005
0.421241
0.615143
0.681395
0.615351
0.681209
0.380437
0.420895
4.23171e-07
4.67887e-07
-0.380694
-0.420664
-0.616185
-0.680462
-0.616393
-0.680275
-0.381081
-0.420318
0
0
0.381338
0.420086
0.617225
0.679527
0.617433
0.67934
0.381724
0.41974
4.24601e-07
4.66602e-07
-0.38198
-0.419508
-0.618264
-0.678591
-0.618472
-0.678404
-0.382365
-0.419161
0
0
0.382621
0.418929
0.619301
0.677653
0.619508
0.677465
0.383005
0.418581
4.26026e-07
4.65313e-07
-0.383261
-0.418348
-0.620336
-0.676714
-0.620543
-0.676526
-0.383645
-0.418
0
0
0.3839
0.417767
0.621369
0.675773
0.621576
0.675585
0.384283
0.417418
4.27446e-07
4.6402e-07
-0.384537
-0.417184
-0.622401
-0.67483
-0.622607
-0.674642
-0.38492
-0.416836
0
0
0.385174
0.416602
0.623431
0.673887
0.623636
0.673698
0.385556
0.416252
4.28861e-07
4.62722e-07
-0.385809
-0.416017
-0.624458
-0.672941
-0.624664
-0.672752
-0.386191
-0.415667
0
0
0.386444
0.415433
0.625485
0.671995
0.62569
0.671805
0.386824
0.415081
4.30271e-07
4.61421e-07
-0.387077
-0.414846
-0.626509
-0.671046
-0.626714
-0.670857
-0.387457
-0.414495
0
0
0.387709
0.41426
0.627531
0.670096
0.627736
0.669906
0.388089
0.413908
4.31676e-07
4.60115e-07
-0.38834
-0.413672
-0.628552
-0.669145
-0.628756
-0.668955
-0.388719
-0.41332
0
0
0.38897
0.413083
0.629571
0.668192
0.629775
0.668001
0.389348
0.41273
4.33077e-07
4.58805e-07
-0.389599
-0.412493
-0.630588
-0.667237
-0.630792
-0.667047
-0.389977
-0.41214
0
0
0.390227
0.411903
0.631604
0.666281
0.631807
0.66609
0.390604
0.411548
4.34472e-07
4.57491e-07
-0.390854
-0.411311
-0.632618
-0.665324
-0.63282
-0.665132
-0.39123
-0.410956
0
0
0.39148
0.410719
0.63363
0.664365
0.633832
0.664173
0.391855
0.410363
4.35863e-07
4.56172e-07
-0.392104
-0.410125
-0.63464
-0.663404
-0.634842
-0.663212
-0.392479
-0.409769
0
0
0.392728
0.409531
0.635649
0.662442
0.63585
0.662249
0.393102
0.409174
4.37249e-07
4.54849e-07
-0.39335
-0.408935
-0.636655
-0.661478
-0.636857
-0.661285
-0.393724
-0.408578
0
0
0.393972
0.408339
0.637661
0.660513
0.637862
0.660319
0.394344
0.407981
4.3863e-07
4.53522e-07
-0.394592
-0.407741
-0.638664
-0.659545
-0.638865
-0.659352
-0.394965
-0.407383
0
0
0.395211
0.407143
0.639666
0.658577
0.639866
0.658383
0.395583
0.406784
4.40007e-07
4.52191e-07
-0.395829
-0.406543
-0.640666
-0.657607
-0.640866
-0.657413
-0.396201
-0.406184
0
0
0.396447
0.405943
0.641664
0.656635
0.641864
0.656441
0.396817
0.405583
4.41379e-07
4.50855e-07
-0.397063
-0.405341
-0.642661
-0.655662
-0.64286
-0.655467
-0.397433
-0.404981
0
0
0.397678
0.404739
0.643656
0.654687
0.643855
0.654492
0.398047
0.404378
4.42746e-07
4.49515e-07
-0.398292
-0.404135
-0.644649
-0.65371
-0.644848
-0.653515
-0.398661
-0.403774
0
0
0.398905
0.403531
0.645641
0.652732
0.645839
0.652536
0.399273
0.403169
4.44109e-07
4.4817e-07
-0.399517
-0.402926
-0.646631
-0.651752
-0.646829
-0.651556
-0.399885
-0.402563
0
0
0.400129
0.40232
0.647619
0.650771
0.647817
0.650574
0.400495
0.401956
4.45467e-07
4.46821e-07
-0.400738
-0.401712
-0.648606
-0.649788
-0.648803
-0.649591
-0.401105
-0.401348
0
0
0.401347
0.401104
0.649591
0.648803
0.649788
0.648606
0.401713
0.400739
4.46821e-07
4.45467e-07
-0.401955
-0.400494
-0.650574
-0.647816
-0.650771
-0.647619
-0.402321
-0.400129
0
0
0.402562
0.399884
0.651556
0.646829
0.651752
0.646631
0.402927
0.399518
4.4817e-07
4.44109e-07
-0.403168
-0.399272
-0.652536
-0.645839
-0.652732
-0.645641
-0.403532
-0.398906
0
0
0.403773
0.39866
0.653515
0.644848
0.65371
0.644649
0.404136
0.398293
4.49515e-07
4.42746e-07
-0.404377
-0.398046
-0.654491
-0.643854
-0.654687
-0.643656
-0.40474
-0.397679
0
0
0.40498
0.397432
0.655467
0.64286
0.655662
0.642661
0.405342
0.397063
4.50855e-07
4.41379e-07
-0.405582
-0.396816
-0.65644
-0.641863
-0.656635
-0.641664
-0.405944
-0.396448
0
0
0.406183
0.3962
0.657413
0.640866
0.657607
0.640666
0.406544
0.39583
4.52191e-07
4.40007e-07
-0.406783
-0.395582
-0.658383
-0.639866
-0.658577
-0.639666
-0.407143
-0.395212
0
0
0.407382
0.394964
0.659352
0.638865
0.659546
0.638664
0.407741
0.394592
4.53522e-07
4.3863e-07
-0.40798
-0.394344
-0.660319
-0.637861
-0.660513
-0.637661
-0.408339
-0.393972
0
0
0.408577
0.393723
0.661285
0.636857
0.661478
0.636656
0.408935
0.393351
4.54849e-07
4.37249e-07
-0.409173
-0.393101
-0.662249
-0.63585
-0.662442
-0.635649
-0.409531
-0.392729
0
0
0.409768
0.392479
0.663212
0.634842
0.663404
0.63464
0.410125
0.392105
4.56172e-07
4.35863e-07
-0.410362
-0.391854
-0.664173
-0.633832
-0.664365
-0.63363
-0.410719
-0.39148
0
0
0.410956
0.39123
0.665132
0.63282
0.665324
0.632618
0.411312
0.390854
4.57491e-07
4.34472e-07
-0.411548
-0.390603
-0.66609
-0.631807
-0.666282
-0.631604
-0.411904
-0.390228
0
0
0.412139
0.389976
0.667046
0.630792
0.667238
0.630589
0.412494
0.3896
4.58805e-07
4.33077e-07
-0.412729
-0.389348
-0.668001
-0.629775
-0.668192
-0.629571
-0.413084
-0.388971
0
0
0.413319
0.388719
0.668954
0.628756
0.669145
0.628552
0.413672
0.388341
4.60115e-07
4.31676e-07
-0.413907
-0.388088
-0.669906
-0.627736
-0.670097
-0.627532
-0.414261
-0.38771
0
0
0.414495
0.387457
0.670856
0.626713
0.671046
0.626509
0.414847
0.387078
4.61421e-07
4.30271e-07
-0.415081
-0.386824
-0.671805
-0.625689
-0.671995
-0.625485
-0.415433
-0.386445
0
0
0.415667
0.38619
0.672752
0.624664
0.672942
0.624459
0.416018
0.38581
4.62722e-07
4.28861e-07
-0.416251
-0.385555
-0.673698
-0.623636
-0.673887
-0.623431
-0.416602
-0.385175
0
0
0.416835
0.38492
0.674642
0.622607
0.674831
0.622401
0.417185
0.384538
4.6402e-07
4.27446e-07
-0.417417
-0.384282
-0.675584
-0.621576
-0.675773
-0.62137
-0.417768
-0.3839
0
0
0.418
0.383644
0.676526
0.620543
0.676714
0.620336
0.418349
0.383261
4.65313e-07
4.26026e-07
-0.41858
-0.383005
-0.677465
-0.619508
-0.677653
-0.619301
-0.418929
-0.382622
0
0
0.41916
0.382365
0.678403
0.618472
0.678591
0.618264
0.419508
0.38198
4.66602e-07
4.24601e-07
-0.419739
-0.381723
-0.67934
-0.617433
-0.679527
-0.617226
-0.420087
-0.381338
0
0
0.420318
0.381081
0.680275
0.616393
0.680462
0.616185
0.420664
0.380695
4.67887e-07
4.23171e-07
-0.420894
-0.380436
-0.681209
-0.615351
-0.681396
-0.615143
-0.421242
-0.380051
0
0
0.421471
0.379792
0.682141
0.614307
0.682327
0.614098
0.421817
0.379405
4.69168e-07
4.21736e-07
-0.422046
-0.379145
-0.683072
-0.613261
-0.683258
-0.613053
-0.422392
-0.378758
0
0
0.422621
0.378499
0.684001
0.612214
0.684187
0.612004
0.422966
0.37811
4.70445e-07
4.20296e-07
-0.423194
-0.37785
-0.684929
-0.611165
-0.685115
-0.610955
-0.423539
-0.377461
0
0
0.423767
0.377201
0.685855
0.610113
0.68604
0.609903
0.424111
0.376811
4.71718e-07
4.18851e-07
-0.424339
-0.37655
-0.68678
-0.60906
-0.686965
-0.60885
-0.424683
-0.37616
0
0
0.42491
0.375898
0.687704
0.608005
0.687888
0.607794
0.425253
0.375507
4.72987e-07
4.17401e-07
-0.42548
-0.375245
-0.688626
-0.606948
-0.68881
-0.606737
-0.425822
-0.374854
0
0
0.426049
0.374591
0.689546
0.605889
0.68973
0.605678
0.426391
0.374198
4.74253e-07
4.15945e-07
-0.426617
-0.373936
-0.690465
-0.604829
-0.690649
-0.604617
-0.426959
-0.373543
0
0
0.427185
0.373279
0.691383
0.603766
0.691567
0.603553
0.427525
0.372885
4.75514e-07
4.14484e-07
-0.427751
-0.372621
-0.692299
-0.602701
-0.692483
-0.602489
-0.428092
-0.372227
0
0
0.428317
0.371963
0.693214
0.601635
0.693397
0.601422
0.428656
0.371567
4.76771e-07
4.13018e-07
-0.428881
-0.371302
-0.694128
-0.600567
-0.694311
-0.600353
-0.429221
-0.370907
0
0
0.429446
0.370642
0.69504
0.599496
0.695222
0.599282
0.429784
0.370245
4.78024e-07
4.11547e-07
-0.430008
-0.369979
-0.69595
-0.598424
-0.696133
-0.59821
-0.430347
-0.369582
0
0
0.430571
0.369315
0.69686
0.59735
0.697042
0.597135
0.430908
0.368917
4.79274e-07
4.1007e-07
-0.431132
-0.36865
-0.697767
-0.596274
-0.697949
-0.596059
-0.431469
-0.368252
0
0
0.431692
0.367984
0.698674
0.595196
0.698855
0.59498
0.432029
0.367585
4.8052e-07
4.08588e-07
-0.432251
-0.367317
-0.699579
-0.594115
-0.69976
-0.5939
-0.432588
-0.366917
0
0
0.432811
0.366649
0.700483
0.593033
0.700664
0.592817
0.433146
0.366247
4.81762e-07
4.07101e-07
-0.433368
-0.365979
-0.701385
-0.591949
-0.701566
-0.591733
-0.433703
-0.365577
0
0
0.433925
0.365308
0.702286
0.590863
0.702466
0.590646
0.43426
0.364905
4.83e-07
4.05608e-07
-0.434481
-0.364635
-0.703186
-0.589775
-0.703366
-0.589558
-0.434816
-0.364232
0
0
0.435037
0.363962
0.704084
0.588685
0.704263
0.588467
0.43537
0.363558
4.84234e-07
4.04109e-07
-0.435591
-0.363287
-0.704981
-0.587593
-0.70516
-0.587375
-0.435924
-0.362883
0
0
0.436145
0.362612
0.705876
0.586499
0.706055
0.58628
0.436477
0.362206
4.85465e-07
4.02605e-07
-0.436697
-0.361934
-0.70677
-0.585403
-0.706949
-0.585184
-0.43703
-0.361528
0
0
0.437249
0.361256
0.707663
0.584305
0.707842
0.584085
0.437581
0.360849
4.86691e-07
4.01095e-07
-0.4378
-0.360576
-0.708554
-0.583204
-0.708733
-0.582984
-0.438132
-0.360168
0
0
0.438351
0.359895
0.709445
0.582102
0.709623
0.581882
0.438681
0.359486
4.87915e-07
3.9958e-07
-0.4389
-0.359213
-0.710333
-0.580998
-0.710511
-0.580777
-0.43923
-0.358804
0
0
0.439449
0.358529
0.711221
0.579892
0.711398
0.57967
0.439778
0.358119
4.89134e-07
3.98059e-07
-0.439996
-0.357844
-0.712107
-0.578783
-0.712284
-0.578561
-0.440326
-0.357434
0
0
0.440544
0.357159
0.712992
0.577672
0.713168
0.57745
0.440872
0.356747
4.9035e-07
3.96532e-07
-0.441089
-0.356471
-0.713875
-0.57656
-0.714052
-0.576337
-0.441418
-0.356059
0
0
0.441635
0.355782
0.714757
0.575445
0.714933
0.575222
0.441962
0.355369
4.91562e-07
3.95e-07
-0.442179
-0.355092
-0.715638
-0.574328
-0.715814
-0.574105
-0.442507
-0.354679
0
0
0.442723
0.354401
0.716517
0.573209
0.716693
0.572985
0.44305
0.353986
4.92771e-07
3.93462e-07
-0.443266
-0.353708
-0.717395
-0.572088
-0.717571
-0.571864
-0.443592
-0.353293
0
0
0.443808
0.353015
0.718272
0.570965
0.718448
0.57074
0.444134
0.352598
4.93976e-07
3.91918e-07
-0.444349
-0.352319
-0.719148
-0.56984
-0.719323
-0.569615
-0.444675
-0.351902
0
0
0.44489
0.351623
0.720022
0.568712
0.720197
0.568486
0.445214
0.351205
4.95177e-07
3.90368e-07
-0.445429
-0.350925
-0.720895
-0.567582
-0.72107
-0.567357
-0.445754
-0.350506
0
0
0.445969
0.350226
0.721767
0.566451
0.721941
0.566224
0.446292
0.349806
4.96375e-07
3.88812e-07
-0.446506
-0.349525
-0.722637
-0.565317
-0.722812
-0.56509
-0.44683
-0.349105
0
0
0.447044
0.348823
0.723506
0.56418
0.72368
0.563953
0.447367
0.348402
4.9757e-07
3.8725e-07
-0.44758
-0.34812
-0.724374
-0.563042
-0.724548
-0.562814
-0.447903
-0.347698
0
0
0.448116
0.347415
0.725241
0.561902
0.725414
0.561673
0.448438
0.346992
4.98761e-07
3.85682e-07
-0.448651
-0.346709
-0.726106
-0.560759
-0.726279
-0.56053
-0.448973
-0.346286
0
0
0.449186
0.346002
0.72697
0.559614
0.727143
0.559385
0.449506
0.345577
4.99948e-07
3.84108e-07
-0.449719
-0.345293
-0.727833
-0.558466
-0.728006
-0.558237
-0.450039
-0.344868
0
0
0.450252
0.344583
0.728695
0.557317
0.728867
0.557087
0.450571
0.344157
5.01132e-07
3.82528e-07
-0.450783
-0.343871
-0.729555
-0.556165
-0.729727
-0.555935
-0.451103
-0.343445
0
0
0.451314
0.343159
0.730414
0.555012
0.730586
0.554781
0.451633
0.342731
5.02313e-07
3.80941e-07
-0.451844
-0.342444
-0.731272
-0.553855
-0.731443
-0.553624
-0.452163
-0.342016
0
0
0.452374
0.341729
0.732128
0.552697
0.7323
0.552465
0.452692
0.341299
5.0349e-07
3.79349e-07
-0.452903
-0.341011
-0.732983
-0.551536
-0.733155
-0.551304
-0.453221
-0.340581
0
0
0.453431
0.340293
0.733838
0.550373
0.734008
0.55014
0.453748
0.339862
5.04663e-07
3.7775e-07
-0.453958
-0.339573
-0.73469
-0.549208
-0.734861
-0.548975
-0.454275
-0.339141
0
0
0.454485
0.338852
0.735542
0.54804
0.735712
0.547807
0.454801
0.338419
5.05834e-07
3.76145e-07
-0.45501
-0.338129
-0.736392
-0.54687
-0.736563
-0.546636
-0.455326
-0.337695
0
0
0.455535
0.337405
0.737242
0.545698
0.737411
0.545464
0.45585
0.33697
5.07001e-07
3.74533e-07
-0.456059
-0.336679
-0.738089
-0.544523
-0.738259
-0.544289
-0.456375
-0.336244
0
0
0.456583
0.335952
0.738936
0.543347
0.739106
0.543111
0.456897
0.335516
5.08164e-07
3.72915e-07
-0.457105
-0.335223
-0.739782
-0.542167
-0.739951
-0.541932
-0.45742
-0.334787
0
0
0.457628
0.334494
0.740626
0.540986
0.740795
0.540749
0.457941
0.334055
5.09324e-07
3.71291e-07
-0.458149
-0.333762
-0.741469
-0.539802
-0.741638
-0.539565
-0.458462
-0.333323
0
0
0.458669
0.333029
0.742311
0.538615
0.742479
0.538378
0.458982
0.332589
5.10481e-07
3.6966e-07
-0.459189
-0.332295
-0.743152
-0.537427
-0.74332
-0.537189
-0.459501
-0.331854
0
0
0.459708
0.331559
0.743991
0.536236
0.744159
0.535997
0.46002
0.331117
5.11635e-07
3.68023e-07
-0.460226
-0.330821
-0.744829
-0.535042
-0.744997
-0.534803
-0.460538
-0.330379
0
0
0.460744
0.330083
0.745667
0.533846
0.745834
0.533607
0.461054
0.329639
5.12786e-07
3.66378e-07
-0.46126
-0.329342
-0.746502
-0.532648
-0.74667
-0.532408
-0.461571
-0.328898
0
0
0.461777
0.328601
0.747337
0.531447
0.747504
0.531207
0.462086
0.328155
5.13933e-07
3.64728e-07
-0.462292
-0.327857
-0.748171
-0.530243
-0.748338
-0.530003
-0.462602
-0.327411
0
0
0.462807
0.327113
0.749003
0.529038
0.74917
0.528797
0.463115
0.326665
5.15077e-07
3.6307e-07
-0.46332
-0.326366
-0.749834
-0.52783
-0.750001
-0.527588
-0.463629
-0.325918
0
0
0.463834
0.325618
0.750665
0.526619
0.750831
0.526377
0.464142
0.325169
5.16217e-07
3.61406e-07
-0.464346
-0.324868
-0.751493
-0.525406
-0.751659
-0.525163
-0.464654
-0.324419
0
0
0.464858
0.324118
0.752321
0.52419
0.752487
0.523947
0.465165
0.323667
5.17355e-07
3.59735e-07
-0.465368
-0.323365
-0.753148
-0.522972
-0.753313
-0.522728
-0.465676
-0.322913
0
0
0.465879
0.322611
0.753973
0.521751
0.754138
0.521507
0.466185
0.322158
5.18489e-07
3.58056e-07
-0.466388
-0.321855
-0.754797
-0.520528
-0.754963
-0.520283
-0.466695
-0.321402
0
0
0.466898
0.321098
0.755621
0.519302
0.755785
0.519057
0.467203
0.320643
5.1962e-07
3.56371e-07
-0.467405
-0.320339
-0.756443
-0.518074
-0.756607
-0.517828
-0.467711
-0.319884
0
0
0.467913
0.319579
0.757264
0.516843
0.757428
0.516597
0.468218
0.319122
5.20749e-07
3.54679e-07
-0.468419
-0.318817
-0.758083
-0.51561
-0.758247
-0.515363
-0.468724
-0.31836
0
0
0.468926
0.318053
0.758902
0.514374
0.759066
0.514127
0.46923
0.317595
5.21873e-07
3.5298e-07
-0.469431
-0.317288
-0.759719
-0.513135
-0.759883
-0.512888
-0.469735
-0.316829
0
0
0.469936
0.316522
0.760536
0.511894
0.760699
0.511646
0.470239
0.316061
5.22995e-07
3.51274e-07
-0.470439
-0.315753
-0.761351
-0.51065
-0.761514
-0.510402
-0.470743
-0.315292
0
0
0.470943
0.314983
0.762165
0.509404
0.762328
0.509155
0.471245
0.314521
5.24114e-07
3.4956e-07
-0.471445
-0.314211
-0.762978
-0.508155
-0.76314
-0.507905
-0.471748
-0.313748
0
0
0.471948
0.313438
0.76379
0.506903
0.763952
0.506653
0.472249
0.312974
5.2523e-07
3.4784e-07
-0.472448
-0.312663
-0.7646
-0.505649
-0.764763
-0.505398
-0.47275
-0.312198
0
0
0.472949
0.311887
0.76541
0.504392
0.765572
0.50414
0.47325
0.31142
5.26342e-07
3.46112e-07
-0.473449
-0.311108
-0.766218
-0.503132
-0.76638
-0.50288
-0.473749
-0.310641
0
0
0.473948
0.310329
0.767026
0.50187
0.767187
0.501617
0.474248
0.30986
5.27452e-07
3.44376e-07
-0.474446
-0.309547
-0.767832
-0.500605
-0.767993
-0.500352
-0.474746
-0.309078
0
0
0.474944
0.308764
0.768637
0.499337
0.768798
0.499083
0.475243
0.308294
5.28558e-07
3.42633e-07
-0.475441
-0.307979
-0.769441
-0.498066
-0.769602
-0.497812
-0.47574
-0.307508
0
0
0.475938
0.307193
0.770244
0.496793
0.770405
0.496538
0.476236
0.30672
5.29662e-07
3.40883e-07
-0.476433
-0.306404
-0.771046
-0.495517
-0.771207
-0.495262
-0.476732
-0.305931
0
0
0.476929
0.305614
0.771847
0.494238
0.772007
0.493982
0.477226
0.30514
5.30762e-07
3.39125e-07
-0.477423
-0.304822
-0.772647
-0.492957
-0.772807
-0.4927
-0.47772
-0.304347
0
0
0.477917
0.304029
0.773445
0.491672
0.773605
0.491415
0.478213
0.303553
5.3186e-07
3.37359e-07
-0.478409
-0.303234
-0.774243
-0.490385
-0.774403
-0.490128
-0.478706
-0.302757
0
0
0.478902
0.302437
0.775039
0.489095
0.775199
0.488837
0.479198
0.301958
5.32955e-07
3.35586e-07
-0.479394
-0.301638
-0.775835
-0.487802
-0.775994
-0.487544
-0.47969
-0.301159
0
0
0.479885
0.300838
0.776629
0.486507
0.776788
0.486248
0.48018
0.300357
5.34046e-07
3.33805e-07
-0.480375
-0.300036
-0.777422
-0.485208
-0.777581
-0.484949
-0.48067
-0.299554
0
0
0.480865
0.299232
0.778215
0.483907
0.778373
0.483647
0.481159
0.298749
5.35135e-07
3.32016e-07
-0.481354
-0.298426
-0.779006
-0.482603
-0.779164
-0.482342
-0.481648
-0.297943
0
0
0.481843
0.297619
0.779796
0.481296
0.779954
0.481034
0.482136
0.297134
5.36221e-07
3.30219e-07
-0.48233
-0.296809
-0.780585
-0.479986
-0.780743
-0.479724
-0.482624
-0.296324
0
0
0.482818
0.295999
0.781373
0.478673
0.781531
0.47841
0.48311
0.295511
5.37304e-07
3.28414e-07
-0.483304
-0.295186
-0.78216
-0.477357
-0.782318
-0.477094
-0.483597
-0.294698
0
0
0.48379
0.294371
0.782946
0.476039
0.783103
0.475775
0.484082
0.293882
5.38384e-07
3.26601e-07
-0.484275
-0.293554
-0.783731
-0.474717
-0.783888
-0.474452
-0.484567
-0.293064
0
0
0.48476
0.292736
0.784515
0.473392
0.784671
0.473127
0.485051
0.292245
5.39461e-07
3.2478e-07
-0.485243
-0.291916
-0.785297
-0.472065
-0.785454
-0.471799
-0.485535
-0.291424
0
0
0.485727
0.291094
0.786079
0.470734
0.786236
0.470468
0.486017
0.2906
5.40535e-07
3.22951e-07
-0.486209
-0.29027
-0.78686
-0.4694
-0.787016
-0.469134
-0.4865
-0.289776
0
0
0.486692
0.289445
0.78764
0.468064
0.787796
0.467796
0.486981
0.288949
5.41607e-07
3.21113e-07
-0.487173
-0.288617
-0.788418
-0.466724
-0.788574
-0.466456
-0.487462
-0.28812
0
0
0.487654
0.287788
0.789196
0.465381
0.789351
0.465113
0.487942
0.287289
5.42675e-07
3.19267e-07
-0.488133
-0.286956
-0.789972
-0.464036
-0.790128
-0.463766
-0.488422
-0.286457
0
0
0.488613
0.286123
0.790748
0.462687
0.790903
0.462417
0.488901
0.285622
5.43741e-07
3.17413e-07
-0.489092
-0.285288
-0.791523
-0.461335
-0.791678
-0.461064
-0.48938
-0.284786
0
0
0.48957
0.284451
0.792296
0.45998
0.792451
0.459709
0.489857
0.283948
5.44804e-07
3.1555e-07
-0.490048
-0.283612
-0.793069
-0.458622
-0.793224
-0.45835
-0.490335
-0.283108
0
0
0.490525
0.282771
0.79384
0.45726
0.793995
0.456988
0.490811
0.282266
5.45865e-07
3.13678e-07
-0.491001
-0.281928
-0.794611
-0.455896
-0.794765
-0.455623
-0.491288
-0.281422
0
0
0.491477
0.281083
0.79538
0.454528
0.795534
0.454255
0.491763
0.280576
5.46922e-07
3.11798e-07
-0.491952
-0.280236
-0.796149
-0.453158
-0.796303
-0.452883
-0.492238
-0.279728
0
0
0.492427
0.279388
0.796916
0.451784
0.79707
0.451509
0.492711
0.278878
5.47977e-07
3.0991e-07
-0.4929
-0.278537
-0.797683
-0.450407
-0.797837
-0.450131
-0.493185
-0.278026
0
0
0.493374
0.277684
0.798449
0.449026
0.798602
0.44875
0.493658
0.277172
5.49029e-07
3.08012e-07
-0.493846
-0.276829
-0.799213
-0.447643
-0.799366
-0.447366
-0.494131
-0.276316
0
0
0.494318
0.275973
0.799977
0.446256
0.800129
0.445978
0.494602
0.275458
5.50079e-07
3.06105e-07
-0.494789
-0.275114
-0.800739
-0.444866
-0.800892
-0.444588
-0.495073
-0.274598
0
0
0.495261
0.274253
0.801501
0.443473
0.801653
0.443194
0.495543
0.273736
5.51125e-07
3.0419e-07
-0.49573
-0.27339
-0.802261
-0.442076
-0.802414
-0.441796
-0.496014
-0.272873
0
0
0.4962
0.272526
0.803021
0.440676
0.803173
0.440396
0.496482
0.272006
5.52169e-07
3.02265e-07
-0.496669
-0.271659
-0.80378
-0.439273
-0.803932
-0.438992
-0.496951
-0.271138
0
0
0.497138
0.27079
0.804537
0.437866
0.804689
0.437584
0.497419
0.270268
5.5321e-07
3.00331e-07
-0.497605
-0.269919
-0.805294
-0.436456
-0.805446
-0.436174
-0.497887
-0.269396
0
0
0.498073
0.269046
0.80605
0.435043
0.806201
0.43476
0.498353
0.268521
5.54249e-07
2.98388e-07
-0.498539
-0.268171
-0.806805
-0.433626
-0.806956
-0.433342
-0.49882
-0.267645
0
0
0.499005
0.267294
0.807559
0.432206
0.807709
0.431921
0.499285
0.266766
5.55285e-07
2.96436e-07
-0.49947
-0.266414
-0.808311
-0.430782
-0.808462
-0.430497
-0.499751
-0.265886
0
0
0.499936
0.265533
0.809063
0.429355
0.809214
0.429069
0.500215
0.265003
5.56318e-07
2.94474e-07
-0.500399
-0.264649
-0.809814
-0.427925
-0.809965
-0.427638
-0.500679
-0.264118
0
0
0.500864
0.263763
0.810564
0.426491
0.810714
0.426204
0.501142
0.263231
5.57349e-07
2.92503e-07
-0.501326
-0.262875
-0.811313
-0.425053
-0.811463
-0.424766
-0.501605
-0.262342
0
0
0.501789
0.261985
0.812061
0.423612
0.812211
0.423324
0.502067
0.26145
5.58377e-07
2.90522e-07
-0.502251
-0.261093
-0.812808
-0.422168
-0.812958
-0.421879
-0.502529
-0.260557
0
0
0.502712
0.260198
0.813555
0.42072
0.813704
0.42043
0.502989
0.259661
5.59403e-07
2.88531e-07
-0.503173
-0.259301
-0.8143
-0.419268
-0.814449
-0.418978
-0.50345
-0.258763
0
0
0.503633
0.258403
0.815044
0.417813
0.815193
0.417522
0.503909
0.257863
5.60426e-07
2.86531e-07
-0.504092
-0.257502
-0.815788
-0.416354
-0.815937
-0.416063
-0.504369
-0.25696
0
0
0.504552
0.256598
0.81653
0.414892
0.816679
0.414599
0.504827
0.256056
5.61446e-07
2.8452e-07
-0.50501
-0.255693
-0.817272
-0.413426
-0.81742
-0.413133
-0.505286
-0.255149
0
0
0.505468
0.254785
0.818012
0.411957
0.818161
0.411662
0.505743
0.25424
5.62464e-07
2.825e-07
-0.505925
-0.253875
-0.818752
-0.410483
-0.8189
-0.410189
-0.5062
-0.253328
0
0
0.506382
0.252963
0.819491
0.409006
0.819639
0.408711
0.506656
0.252414
5.63479e-07
2.80469e-07
-0.506838
-0.252048
-0.820228
-0.407526
-0.820376
-0.407229
-0.507112
-0.251499
0
0
0.507294
0.251131
0.820966
0.406041
0.821113
0.405744
0.507567
0.25058
5.64492e-07
2.78429e-07
-0.507748
-0.250212
-0.821701
-0.404553
-0.821849
-0.404255
-0.508022
-0.24966
0
0
0.508203
0.24929
0.822437
0.403062
0.822584
0.402763
0.508476
0.248736
5.65502e-07
2.76378e-07
-0.508656
-0.248366
-0.823171
-0.401566
-0.823318
-0.401266
-0.50893
-0.247811
0
0
0.50911
0.24744
0.823904
0.400066
0.824051
0.399766
0.509382
0.246884
5.6651e-07
2.74316e-07
-0.509562
-0.246511
-0.824636
-0.398563
-0.824783
-0.398262
-0.509835
-0.245954
0
0
0.510015
0.245581
0.825368
0.397056
0.825514
0.396754
0.510286
0.245021
5.67515e-07
2.72244e-07
-0.510466
-0.244647
-0.826098
-0.395545
-0.826245
-0.395243
-0.510738
-0.244087
0
0
0.510918
0.243712
0.826828
0.39403
0.826974
0.393727
0.511188
0.243149
5.68517e-07
2.70162e-07
-0.511368
-0.242773
-0.827556
-0.392512
-0.827703
-0.392208
-0.511639
-0.24221
0
0
0.511818
0.241833
0.828284
0.390989
0.82843
0.390684
0.512088
0.241268
5.69518e-07
2.68068e-07
-0.512267
-0.24089
-0.829011
-0.389462
-0.829157
-0.389157
-0.512538
-0.240323
0
0
0.512716
0.239945
0.829737
0.387932
0.829883
0.387626
0.512986
0.239376
5.70515e-07
2.65964e-07
-0.513164
-0.238996
-0.830462
-0.386398
-0.830608
-0.38609
-0.513434
-0.238427
0
0
0.513612
0.238046
0.831187
0.384859
0.831332
0.384551
0.513881
0.237475
5.71511e-07
2.63849e-07
-0.514059
-0.237093
-0.83191
-0.383317
-0.832055
-0.383008
-0.514328
-0.236521
0
0
0.514506
0.236138
0.832633
0.38177
0.832777
0.38146
0.514774
0.235564
5.72504e-07
2.61723e-07
-0.514952
-0.23518
-0.833354
-0.380219
-0.833499
-0.379909
-0.51522
-0.234605
0
0
0.515398
0.23422
0.834075
0.378665
0.834219
0.378354
0.515665
0.233643
5.73494e-07
2.59586e-07
-0.515842
-0.233257
-0.834795
-0.377106
-0.834939
-0.376794
-0.51611
-0.232679
0
0
0.516287
0.232292
0.835514
0.375543
0.835658
0.37523
0.516554
0.231712
5.74482e-07
2.57437e-07
-0.516731
-0.231324
-0.836232
-0.373976
-0.836376
-0.373662
-0.516998
-0.230742
0
0
0.517174
0.230353
0.836949
0.372405
0.837093
0.37209
0.517441
0.22977
5.75468e-07
2.55277e-07
-0.517617
-0.22938
-0.837665
-0.37083
-0.837809
-0.370514
-0.517884
-0.228796
0
0
0.51806
0.228405
0.838381
0.36925
0.838524
0.368934
0.518325
0.227818
5.76451e-07
2.53105e-07
-0.518501
-0.227426
-0.839096
-0.367666
-0.839239
-0.367349
-0.518767
-0.226838
0
0
0.518943
0.226445
0.839809
0.366078
0.839952
0.36576
0.519208
0.225856
5.77432e-07
2.50922e-07
-0.519383
-0.225461
-0.840522
-0.364486
-0.840665
-0.364167
-0.519648
-0.224871
0
0
0.519823
0.224475
0.841234
0.362889
0.841377
0.362569
0.520088
0.223883
5.78411e-07
2.48727e-07
-0.520263
-0.223486
-0.841945
-0.361288
-0.842088
-0.360968
-0.520528
-0.222892
0
0
0.520702
0.222495
0.842656
0.359683
0.842798
0.359361
0.520966
0.221899
5.79387e-07
2.4652e-07
-0.52114
-0.2215
-0.843365
-0.358073
-0.843508
-0.357751
-0.521405
-0.220903
0
0
0.521579
0.220503
0.844074
0.356459
0.844216
0.356136
0.521842
0.219904
5.80361e-07
2.44301e-07
-0.522016
-0.219504
-0.844782
-0.35484
-0.844924
-0.354516
-0.52228
-0.218903
0
0
0.522453
0.218501
0.845489
0.353217
0.84563
0.352892
0.522716
0.217899
5.81332e-07
2.42069e-07
-0.522889
-0.217496
-0.846195
-0.35159
-0.846336
-0.351264
-0.523152
-0.216892
0
0
0.523326
0.216488
0.8469
0.349958
0.847041
0.349631
0.523588
0.215882
5.82301e-07
2.39826e-07
-0.523761
-0.215477
-0.847604
-0.348322
-0.847746
-0.347994
-0.524023
-0.21487
0
0
0.524196
0.214463
0.848308
0.346681
0.848449
0.346352
0.524457
0.213854
5.83268e-07
2.37569e-07
-0.52463
-0.213447
-0.849011
-0.345035
-0.849152
-0.344706
-0.524892
-0.212836
0
0
0.525065
0.212428
0.849713
0.343385
0.849853
0.343054
0.525325
0.211815
5.84233e-07
2.35301e-07
-0.525497
-0.211405
-0.850414
-0.34173
-0.850554
-0.341399
-0.525759
-0.210791
0
0
0.525931
0.210381
0.851114
0.340071
0.851254
0.339738
0.526191
0.209764
5.85195e-07
2.33019e-07
-0.526363
-0.209352
-0.851813
-0.338407
-0.851954
-0.338073
-0.526623
-0.208735
0
0
0.526795
0.208322
0.852512
0.336738
0.852652
0.336404
0.527054
0.207702
5.86155e-07
2.30725e-07
-0.527226
-0.207288
-0.85321
-0.335064
-0.85335
-0.334729
-0.527486
-0.206667
0
0
0.527657
0.206252
0.853907
0.333386
0.854046
0.33305
0.527916
0.205628
5.87113e-07
2.28418e-07
-0.528087
-0.205212
-0.854603
-0.331703
-0.854742
-0.331366
-0.528346
-0.204587
0
0
0.528517
0.204169
0.855298
0.330015
0.855437
0.329677
0.528775
0.203543
5.88069e-07
2.26097e-07
-0.528946
-0.203124
-0.855992
-0.328322
-0.856132
-0.327983
-0.529205
-0.202495
0
0
0.529375
0.202075
0.856686
0.326625
0.856825
0.326285
0.529633
0.201445
5.89022e-07
2.23763e-07
-0.529803
-0.201023
-0.857379
-0.324922
-0.857518
-0.324581
-0.530061
-0.200392
0
0
0.530232
0.199969
0.858071
0.323215
0.85821
0.322873
0.530488
0.199335
5.89973e-07
2.21416e-07
-0.530658
-0.198911
-0.858762
-0.321502
-0.858901
-0.32116
-0.530916
-0.198276
0
0
0.531086
0.197851
0.859453
0.319785
0.859591
0.319441
0.531342
0.197213
5.90922e-07
2.19055e-07
-0.531511
-0.196787
-0.860142
-0.318063
-0.86028
-0.317718
-0.531768
-0.196147
0
0
0.531938
0.19572
0.860831
0.316336
0.860969
0.31599
0.532193
0.195078
5.91868e-07
2.1668e-07
-0.532363
-0.19465
-0.861519
-0.314603
-0.861657
-0.314256
-0.532619
-0.194007
0
0
0.532788
0.193577
0.862206
0.312866
0.862344
0.312518
0.533043
0.192931
5.92813e-07
2.14291e-07
-0.533212
-0.1925
-0.862892
-0.311123
-0.86303
-0.310774
-0.533467
-0.191853
0
0
0.533636
0.191421
0.863578
0.309375
0.863715
0.309025
0.533891
0.190772
5.93755e-07
2.11888e-07
-0.534059
-0.190338
-0.864263
-0.307622
-0.8644
-0.307271
-0.534314
-0.189687
0
0
0.534482
0.189252
0.864947
0.305864
0.865084
0.305512
0.534736
0.188599
5.94695e-07
2.09471e-07
-0.534904
-0.188163
-0.86563
-0.304101
-0.865767
-0.303747
-0.535159
-0.187508
0
0
0.535326
0.18707
0.866313
0.302332
0.866449
0.301978
0.53558
0.186413
5.95633e-07
2.07039e-07
-0.535747
-0.185974
-0.866994
-0.300558
-0.867131
-0.300203
-0.536001
-0.185316
0
0
0.536169
0.184876
0.867675
0.298779
0.867812
0.298422
0.536421
0.184215
5.96569e-07
2.04593e-07
-0.536589
-0.183773
-0.868355
-0.296994
-0.868492
-0.296636
-0.536842
-0.18311
0
0
0.537009
0.182667
0.869035
0.295204
0.869171
0.294845
0.537261
0.182003
5.97502e-07
2.02131e-07
-0.537428
-0.181558
-0.869713
-0.293408
-0.869849
-0.293048
-0.537681
-0.180892
0
0
0.537847
0.180446
0.870391
0.291607
0.870527
0.291246
0.538099
0.179777
5.98434e-07
1.99655e-07
-0.538265
-0.17933
-0.871068
-0.2898
-0.871204
-0.289439
-0.538518
-0.178659
0
0
0.538684
0.178211
0.871744
0.287988
0.871879
0.287625
0.538935
0.177538
5.99363e-07
1.97164e-07
-0.539101
-0.177088
-0.872419
-0.286171
-0.872555
-0.285807
-0.539353
-0.176413
0
0
0.539518
0.175962
0.873094
0.284347
0.873229
0.283982
0.539769
0.175285
6.0029e-07
1.94657e-07
-0.539935
-0.174832
-0.873768
-0.282519
-0.873903
-0.282152
-0.540186
-0.174153
0
0
0.540351
0.173699
0.874441
0.280684
0.874576
0.280316
0.540601
0.173018
6.01215e-07
1.92135e-07
-0.540766
-0.172562
-0.875113
-0.278844
-0.875248
-0.278475
-0.541017
-0.171879
0
0
0.541182
0.171422
0.875785
0.276998
0.87592
0.276628
0.541431
0.170737
6.02138e-07
1.89597e-07
-0.541596
-0.170278
-0.876456
-0.275146
-0.87659
-0.274775
-0.541846
-0.169591
0
0
0.542011
0.169131
0.877126
0.273288
0.87726
0.272916
0.54226
0.168441
6.03059e-07
1.87042e-07
-0.542424
-0.16798
-0.877795
-0.271424
-0.877929
-0.271051
-0.542674
-0.167288
0
0
0.542838
0.166826
0.878464
0.269555
0.878598
0.269181
0.543086
0.166131
6.03978e-07
1.84472e-07
-0.54325
-0.165667
-0.879131
-0.26768
-0.879265
-0.267304
-0.543499
-0.164971
0
0
0.543663
0.164505
0.879799
0.265798
0.879932
0.265421
0.543911
0.163806
6.04894e-07
1.81886e-07
-0.544074
-0.163339
-0.880465
-0.263911
-0.880598
-0.263533
-0.544323
-0.162639
0
0
0.544486
0.16217
0.88113
0.262018
0.881264
0.261638
0.544733
0.161467
6.05809e-07
1.79282e-07
-0.544897
-0.160997
-0.881795
-0.260118
-0.881928
-0.259738
-0.545145
-0.160292
0
0
0.545308
0.15982
0.882459
0.258213
0.882592
0.257831
0.545554
0.159112
6.06722e-07
1.76662e-07
-0.545717
-0.158639
-0.883122
-0.256301
-0.883255
-0.255918
-0.545965
-0.157929
0
0
0.546127
0.157455
0.883785
0.254383
0.883918
0.253999
0.546373
0.156742
6.07632e-07
1.74025e-07
-0.546536
-0.156266
-0.884447
-0.252459
-0.88458
-0.252073
-0.546783
-0.155552
0
0
0.546945
0.155074
0.885108
0.250528
0.88524
0.250141
0.547191
0.154357
6.08541e-07
1.71371e-07
-0.547353
-0.153877
-0.885768
-0.248591
-0.885901
-0.248203
-0.547599
-0.153158
0
0
0.547761
0.152677
0.886428
0.246648
0.88656
0.246259
0.548006
0.151956
6.09447e-07
1.68699e-07
-0.548168
-0.151473
-0.887087
-0.244699
-0.887219
-0.244308
-0.548413
-0.150749
0
0
0.548575
0.150265
0.887745
0.242743
0.887877
0.242351
0.54882
0.149539
6.10352e-07
1.6601e-07
-0.548981
-0.149053
-0.888402
-0.24078
-0.888534
-0.240387
-0.549226
-0.148324
0
0
0.549387
0.147837
0.889059
0.238811
0.88919
0.238416
0.549631
0.147105
6.11254e-07
1.63303e-07
-0.549792
-0.146617
-0.889715
-0.236835
-0.889846
-0.236439
-0.550037
-0.145883
0
0
0.550198
0.145392
0.89037
0.234853
0.890501
0.234456
0.550441
0.144656
6.12154e-07
1.60577e-07
-0.550602
-0.144164
-0.891024
-0.232864
-0.891156
-0.232465
-0.550846
-0.143425
0
0
0.551007
0.142931
0.891678
0.230868
0.891809
0.230468
0.551249
0.14219
6.13053e-07
1.57833e-07
-0.55141
-0.141695
-0.892331
-0.228866
-0.892462
-0.228465
-0.551653
-0.140951
0
0
0.551814
0.140454
0.892984
0.226856
0.893114
0.226454
0.552056
0.139707
6.13949e-07
1.55071e-07
-0.552216
-0.139208
-0.893635
-0.22484
-0.893766
-0.224436
-0.552459
-0.13846
0
0
0.552619
0.137959
0.894286
0.222817
0.894416
0.222412
0.55286
0.137207
6.14844e-07
1.52289e-07
-0.55302
-0.136705
-0.894936
-0.220787
-0.895067
-0.220381
-0.553263
-0.135951
0
0
0.553422
0.135447
0.895586
0.21875
0.895716
0.218342
0.553663
0.134691
6.15736e-07
1.49489e-07
-0.553823
-0.134185
-0.896234
-0.216706
-0.896364
-0.216297
-0.554064
-0.133426
0
0
0.554224
0.132918
0.896882
0.214655
0.897012
0.214244
0.554464
0.132156
6.16627e-07
1.46668e-07
-0.554623
-0.131647
-0.897529
-0.212597
-0.897659
-0.212185
-0.554865
-0.130882
0
0
0.555024
0.130371
0.898176
0.210532
0.898306
0.210118
0.555264
0.129604
6.17516e-07
1.43829e-07
-0.555422
-0.129091
-0.898822
-0.208459
-0.898952
-0.208044
-0.555663
-0.128321
0
0
0.555822
0.127807
0.899467
0.206379
0.899596
0.205962
0.556061
0.127034
6.18402e-07
1.40969e-07
-0.55622
-0.126517
-0.900112
-0.204292
-0.900241
-0.203873
-0.55646
-0.125742
0
0
0.556618
0.125224
0.900756
0.202197
0.900884
0.201777
0.556857
0.124445
6.19287e-07
1.38089e-07
-0.557015
-0.123925
-0.901398
-0.200095
-0.901528
-0.199673
-0.557255
-0.123145
0
0
0.557413
0.122623
0.902041
0.197985
0.90217
0.197562
0.557651
0.121839
6.2017e-07
1.35188e-07
-0.557809
-0.121315
-0.902683
-0.195868
-0.902811
-0.195443
-0.558048
-0.120528
0
0
0.558206
0.120003
0.903324
0.193743
0.903452
0.193317
0.558444
0.119213
6.21051e-07
1.32266e-07
-0.558601
-0.118686
-0.903964
-0.19161
-0.904092
-0.191183
-0.55884
-0.117893
0
0
0.558997
0.117364
0.904604
0.18947
0.904732
0.189041
0.559234
0.116569
6.2193e-07
1.29323e-07
-0.559391
-0.116037
-0.905242
-0.187322
-0.905371
-0.186892
-0.559629
-0.115239
0
0
0.559786
0.114706
0.905881
0.185166
0.906008
0.184734
0.560023
0.113905
6.22807e-07
1.26359e-07
-0.56018
-0.113369
-0.906518
-0.183002
-0.906646
-0.182569
-0.560418
-0.112566
0
0
0.560574
0.112028
0.907155
0.180831
0.907283
0.180395
0.56081
0.111221
6.23682e-07
1.23373e-07
-0.560967
-0.110682
-0.907791
-0.178651
-0.907919
-0.178214
-0.561204
-0.109872
0
0
0.56136
0.109331
0.908427
0.176463
0.908554
0.176025
0.561596
0.108518
6.24555e-07
1.20365e-07
-0.561752
-0.107975
-0.909061
-0.174267
-0.909189
-0.173827
-0.561989
-0.107159
0
0
0.562144
0.106614
0.909696
0.172063
0.909823
0.171621
0.56238
0.105795
6.25427e-07
1.17334e-07
-0.562535
-0.105247
-0.910329
-0.169851
-0.910456
-0.169407
-0.562772
-0.104425
0
0
0.562927
0.103876
0.910962
0.16763
0.911088
0.167185
0.563162
0.103051
6.26296e-07
1.14281e-07
-0.563317
-0.102499
-0.911594
-0.165401
-0.911721
-0.164954
-0.563553
-0.101671
0
0
0.563708
0.101118
0.912225
0.163163
0.912352
0.162715
0.563943
0.100286
6.27164e-07
1.11205e-07
-0.564098
-0.0997304
-0.912856
-0.160917
-0.912982
-0.160467
-0.564333
-0.0988959
0
0
0.564488
0.0983381
0.913486
0.158663
0.913612
0.158211
0.564722
0.0975002
6.2803e-07
1.08105e-07
-0.564876
-0.0969403
-0.914115
-0.1564
-0.914242
-0.155946
-0.565111
-0.0960994
0
0
0.565265
0.0955374
0.914744
0.154128
0.91487
0.153672
0.565499
0.0946931
6.28894e-07
1.04981e-07
-0.565653
-0.0941289
-0.915372
-0.151847
-0.915498
-0.15139
-0.565887
-0.0932814
0
0
0.566041
0.092715
0.916
0.149557
0.916125
0.149099
0.566274
0.0918641
6.29756e-07
1.01833e-07
-0.566428
-0.0912955
-0.916626
-0.147259
-0.916752
-0.146798
-0.566662
-0.0904415
0
0
0.566816
0.0898707
0.917252
0.144952
0.917378
0.144489
0.567048
0.0890131
6.30617e-07
9.866e-08
-0.567202
-0.0884401
-0.917878
-0.142635
-0.918003
-0.142171
-0.567435
-0.0875793
0
0
0.567588
0.087004
0.918502
0.14031
0.918627
0.139843
0.56782
0.0861397
6.31475e-07
9.54624e-08
-0.567974
-0.0855621
-0.919126
-0.137975
-0.919252
-0.137507
-0.568207
-0.0846945
0
0
0.56836
0.0841147
0.91975
0.135631
0.919875
0.135161
0.568591
0.0832435
6.32332e-07
9.22393e-08
-0.568744
-0.0826613
-0.920372
-0.133278
-0.920497
-0.132806
-0.568976
-0.0817868
0
0
0.569129
0.0812023
0.920995
0.130915
0.921119
0.130441
0.56936
0.0803241
6.33187e-07
8.89905e-08
-0.569513
-0.0797373
-0.921616
-0.128543
-0.921741
-0.128067
-0.569745
-0.0788557
0
0
0.569897
0.0782665
0.922237
0.126161
0.922361
0.125683
0.570128
0.0773812
6.3404e-07
8.57155e-08
-0.57028
-0.0767896
-0.922857
-0.123769
-0.922981
-0.12329
-0.570511
-0.0759009
0
0
0.570663
0.0753069
0.923477
0.121368
0.923601
0.120887
0.570893
0.0744144
6.34891e-07
8.24139e-08
-0.571045
-0.073818
-0.924095
-0.118957
-0.924219
-0.118474
-0.571276
-0.072922
0
0
0.571428
0.0723231
0.924714
0.116536
0.924837
0.116051
0.571658
0.0714233
6.35741e-07
7.90852e-08
-0.571809
-0.070822
-0.925331
-0.114106
-0.925455
-0.113618
-0.57204
-0.0699186
0
0
0.572191
0.0693148
0.925948
0.111665
0.926072
0.111175
0.57242
0.0684075
6.36589e-07
7.5729e-08
-0.572572
-0.0678012
-0.926564
-0.109214
-0.926688
-0.108722
-0.572801
-0.0668903
0
0
0.572953
0.0662814
0.92718
0.106753
0.927303
0.106259
0.573181
0.0653666
6.37435e-07
7.23448e-08
-0.573332
-0.0647552
-0.927795
-0.104281
-0.927918
-0.103786
-0.573562
-0.0638366
0
0
0.573712
0.0632227
0.928409
0.101799
0.928532
0.101302
0.573941
0.0623001
6.38279e-07
6.89322e-08
-0.574091
-0.0616836
-0.929023
-0.099307
-0.929146
-0.0988073
-0.57432
-0.0607572
0
0
0.574471
0.0601381
0.929636
0.0968041
0.929759
0.0963023
0.574699
0.0592077
6.39122e-07
6.54907e-08
-0.574849
-0.058586
-0.930248
-0.0942906
-0.930371
-0.0937867
-0.575077
-0.0576517
0
0
0.575228
0.0570273
0.93086
0.0917664
0.930983
0.0912603
0.575455
0.0560889
6.39962e-07
6.20198e-08
-0.575605
-0.0554618
-0.931471
-0.0892313
-0.931594
-0.088723
-0.575833
-0.0545195
0
0
0.575983
0.0538897
0.932082
0.0866853
0.932204
0.0861748
0.57621
0.0529432
6.40801e-07
5.85189e-08
-0.576359
-0.0523107
-0.932692
-0.0841283
-0.932814
-0.0836156
-0.576587
-0.0513602
0
0
0.576736
0.0507249
0.933301
0.0815602
0.933423
0.0810452
0.576963
0.0497702
6.41639e-07
5.49876e-08
-0.577112
-0.0491322
-0.933909
-0.0789808
-0.934032
-0.0784637
-0.577339
-0.0481733
0
0
0.577488
0.0475325
0.934518
0.0763902
0.934639
0.0758707
0.577714
0.0465694
6.42474e-07
5.14253e-08
-0.577863
-0.0459257
-0.935125
-0.0737881
-0.935247
-0.0732664
-0.57809
-0.0449584
0
0
0.578239
0.0443119
0.935732
0.0711746
0.935853
0.0706505
0.578464
0.0433402
6.43308e-07
4.78315e-08
-0.578613
-0.0426909
-0.936338
-0.0685494
-0.936459
-0.068023
-0.578839
-0.0417149
0
0
0.578988
0.0410627
0.936943
0.0659125
0.937065
0.0653838
0.579213
0.0400823
6.4414e-07
4.42056e-08
-0.579361
-0.0394271
-0.937548
-0.0632638
-0.93767
-0.0627327
-0.579587
-0.0384424
0
0
0.579735
0.0377843
0.938153
0.0606032
0.938274
0.0600697
0.57996
0.0367951
6.44971e-07
4.0547e-08
-0.580108
-0.036134
-0.938756
-0.0579305
-0.938877
-0.0573946
-0.580333
-0.0351403
0
0
0.580481
0.0344762
0.939359
0.0552457
0.93948
0.0547073
0.580705
0.0334779
6.458e-07
3.68552e-08
-0.580853
-0.0328108
-0.939962
-0.0525487
-0.940083
-0.0520078
-0.581078
-0.031808
0
0
0.581226
0.0311379
0.940564
0.0498393
0.940684
0.0492959
0.581449
0.0301304
6.46627e-07
3.31295e-08
-0.581597
-0.0294572
-0.941165
-0.0471173
-0.941285
-0.0465715
-0.581821
-0.0284451
0
0
0.581969
0.0277687
0.941765
0.0443829
0.941886
0.0438344
0.582192
0.0267519
6.47452e-07
2.93693e-08
-0.582339
-0.0260724
-0.942365
-0.0416356
-0.942486
-0.0410847
-0.582563
-0.0250509
0
0
0.58271
0.0243682
0.942965
0.0388756
0.943085
0.038322
0.582933
0.0233419
6.48276e-07
2.5574e-08
-0.58308
-0.022656
-0.943563
-0.0361026
-0.943684
-0.0355464
-0.583303
-0.0216249
0
0
0.58345
0.0209358
0.944162
0.0333165
0.944281
0.0327577
0.583672
0.0198997
6.49098e-07
2.17428e-08
-0.583819
-0.0192073
-0.944759
-0.0305172
-0.944879
-0.0299558
-0.584042
-0.0181664
0
0
0.584188
0.0174707
0.945356
0.0277047
0.945476
0.0271405
0.58441
0.0164248
6.49918e-07
1.78752e-08
-0.584557
-0.0157258
-0.945952
-0.0248786
-0.946072
-0.0243118
-0.584779
-0.0146749
0
0
0.584925
0.0139725
0.946548
0.022039
0.946668
0.0214694
0.585147
0.0129165
6.50737e-07
1.39704e-08
-0.585293
-0.0122108
-0.947143
-0.0191857
-0.947263
-0.0186133
-0.585515
-0.0111496
0
0
0.585661
0.0104405
0.947738
0.0163185
0.947857
0.0157434
0.585882
0.00937416
6.51554e-07
1.00276e-08
-0.586027
-0.00866154
-0.948332
-0.0134373
-0.948451
-0.0128594
-0.586249
-0.00759003
0
0
0.586395
0.00687392
0.948925
0.010542
0.949044
0.00996129
0.586615
0.00579713
6.5237e-07
6.04624e-09
-0.586761
-0.0050775
-0.949518
-0.00763251
-0.949637
-0.00704889
-0.586982
-0.0039954
0
0
0.587127
0.0032722
0.95011
0.00470859
0.950229
0.00412206
0.587347
0.00218472
6.53183e-07
2.02543e-09
-0.587492
-0.00145793
-0.950702
-0.00177012
-0.95082
-0.00118067
-0.587713
-0.00036503
0
0
0.587858
-0.000365394
0.951293
-0.00118303
0.951411
-0.00177544
0.588078
-0.00146378
6.53996e-07
-2.03558e-09
-0.588223
0.00219787
-0.951883
0.00415102
-0.952002
0.00474641
-0.588443
0.00330179
